0 0.0001849
1 9.99e-05
2 0.0001012
3 0.0001179
4 0.0001067
5 0.0001292
6 0.0001328
7 0.0001432
8 0.000131
9 0.0001627
10 0.0001459
11 0.0001645
12 0.0001509
13 0.0002088
14 0.000165
15 0.0001986
16 0.0001861
17 0.0001928
18 0.0001952
19 0.0002169
20 0.0001849
21 0.0002104
22 0.0002103
23 0.0002175
24 0.0002007
25 0.0002182
26 0.0005415
27 0.0002379
28 0.0002073
29 0.0002279
30 0.0002485
31 0.0002531
32 0.0002508
33 0.0002721
34 0.0002904
35 0.0002919
36 0.0002585
37 0.0002841
38 0.0002726
39 0.0002775
40 0.0002589
41 0.0003058
42 0.0002744
43 0.0002896
44 0.0002549
45 0.0002737
46 0.0002781
47 0.0002997
48 0.0003072
49 0.0003192
50 0.0003793
51 0.0003693
52 0.0003169
53 0.0003388
54 0.0003775
55 0.0003489
56 0.0003437
57 0.0003775
58 0.0003617
59 0.0005331
60 0.0003839
61 0.0003782
62 0.0003884
63 0.0004291
64 0.0004392
65 0.0004572
66 0.0004296
67 0.0004442
68 0.000409
69 0.000396
70 0.0004356
71 0.0004207
72 0.0004018
73 0.0004446
74 0.0005259
75 0.0006283
76 0.0005358
77 0.0004672
78 0.0004828
79 0.0005017
80 0.0004604
81 0.0005089
82 0.0004691
83 0.0005477
84 0.00048
85 0.0004762
86 0.0004984
87 0.0005142
88 0.0005218
89 0.000534
90 0.0005426
91 0.0005788
92 0.0005634
93 0.00057
94 0.0005362
95 0.0005512
96 0.0005432
97 0.0005619
98 0.0005648
99 0.000586
100 0.0005541
101 0.0005478
102 0.0005545
103 0.0005736
104 0.0005833
105 0.0005691
106 0.0005995
107 0.0006227
108 0.0006438
109 0.0006063
110 0.0006403
111 0.0006502
112 0.000657
113 0.0007044
114 0.0006429
115 0.000692
116 0.0006286
117 0.0006473
118 0.0006506
119 0.0006541
120 0.0006668
121 0.0006835
122 0.0007244
123 0.0007243
124 0.0007086
125 0.000727
126 0.0007274
127 0.0007201
128 0.0007022
129 0.000732
130 0.0007094
131 0.0007301
132 0.0007235
133 0.0007266
134 0.0008222
135 0.0007637
136 0.0007456
137 0.0007486
138 0.0007463
139 0.0007672
140 0.0007384
141 0.0007946
142 0.0008318
143 0.0008404
144 0.0007594
145 0.000821
146 0.000784
147 0.0008409
148 0.0007634
149 0.0007748
150 0.0007771
151 0.0007898
152 0.0008314
153 0.0008293
154 0.0008524
155 0.0009343
156 0.0009144
157 0.0008458
158 0.0008651
159 0.0008619
160 0.000851
161 0.0008837
162 0.0009053
163 0.0009104
164 0.0008444
165 0.0009067
166 0.000921
167 0.0008826
168 0.0009447
169 0.0008926
170 0.0008886
171 0.0009671
172 0.000941
173 0.0009858
174 0.0010494
175 0.001121
176 0.0010392
177 0.0009419
178 0.0009453
179 0.0009968
180 0.0009446
181 0.0009463
182 0.0011421
183 0.0009691
184 0.0009733
185 0.0010321
186 0.0009682
187 0.0011089
188 0.0010141
189 0.0009965
190 0.001032
191 0.0010323
192 0.0010545
193 0.0010731
194 0.0010619
195 0.0011368
196 0.0010472
197 0.001038
198 0.0010562
199 0.0010975
200 0.0010831
201 0.0010574
202 0.0011173
203 0.0024281
204 0.0011407
205 0.0011522
206 0.0010697
207 0.0011547
208 0.0011029
209 0.001142
210 0.001125
211 0.0011724
212 0.0011743
213 0.0011141
214 0.0011596
215 0.0011158
216 0.00113
217 0.0011338
218 0.0012214
219 0.0012328
220 0.0011289
221 0.0011497
222 0.0012892
223 0.0011771
224 0.0012065
225 0.001204
226 0.0011863
227 0.001248
228 0.0011489
229 0.0012182
230 0.0012307
231 0.0012084
232 0.0012303
233 0.0012717
234 0.0011941
235 0.001286
236 0.0012147
237 0.0013206
238 0.0012522
239 0.001282
240 0.0013121
241 0.0012693
242 0.0012773
243 0.0013945
244 0.0012575
245 0.0012948
246 0.0012713
247 0.001339
248 0.0012748
249 0.0012868
250 0.0012951
251 0.0013172
252 0.0013079
253 0.0013794
254 0.001365
255 0.0013898
256 0.0013772
257 0.0013353
258 0.0012998
259 0.0013757
260 0.0013278
261 0.0013292
262 0.0013833
263 0.0013693
264 0.00134
265 0.0013729
266 0.0013793
267 0.0014003
268 0.0014329
269 0.0014015
270 0.0014657
271 0.0014356
272 0.001369
273 0.0014407
274 0.0014491
275 0.0017001
276 0.0014814
277 0.0014322
278 0.0014469
279 0.0014286
280 0.0014294
281 0.0014862
282 0.001483
283 0.0015062
284 0.0015032
285 0.002043
286 0.0014842
287 0.0014852
288 0.0014958
289 0.0015405
290 0.0016119
291 0.0015235
292 0.001511
293 0.0015263
294 0.0015385
295 0.0015655
296 0.0015284
297 0.0015376
298 0.001652
299 0.0016358
300 0.0015859
301 0.0015821
302 0.0016172
303 0.0015923
304 0.001617
305 0.0015673
306 0.0015876
307 0.0016278
308 0.0015599
309 0.0016409
310 0.001644
311 0.0016825
312 0.0015822
313 0.0016438
314 0.0016642
315 0.0016737
316 0.0017035
317 0.0017311
318 0.0016677
319 0.0016896
320 0.0016419
321 0.0017073
322 0.0016997
323 0.0017127
324 0.0017515
325 0.0017673
326 0.0017219
327 0.0017809
328 0.0017084
329 0.0017739
330 0.0017368
331 0.0018388
332 0.0017496
333 0.0017627
334 0.0017156
335 0.0018068
336 0.0019248
337 0.0017785
338 0.0020222
339 0.0018855
340 0.0018524
341 0.0017987
342 0.0018815
343 0.0018606
344 0.0018535
345 0.0018817
346 0.0019368
347 0.0019302
348 0.0018835
349 0.0019462
350 0.0019834
351 0.0019462
352 0.0019044
353 0.0019538
354 0.0019081
355 0.0019615
356 0.0019291
357 0.0019849
358 0.0021456
359 0.0020014
360 0.0019558
361 0.0020172
362 0.0019995
363 0.002022
364 0.0020523
365 0.0020556
366 0.0020585
367 0.0020334
368 0.0021503
369 0.002059
370 0.0020796
371 0.0021631
372 0.0020119
373 0.0020813
374 0.0021095
375 0.0021928
376 0.0022521
377 0.0022016
378 0.0020763
379 0.0021634
380 0.00218
381 0.0024061
382 0.0022266
383 0.0023126
384 0.0021896
385 0.0021774
386 0.0021418
387 0.0022201
388 0.0022069
389 0.0023166
390 0.0022593
391 0.0022582
392 0.0023506
393 0.0022666
394 0.0023406
395 0.0024167
396 0.0024393
397 0.0024342
398 0.0024629
399 0.0024878
400 0.0023881
401 0.0024621
402 0.002349
403 0.0024869
404 0.0024884
405 0.0024681
406 0.0024614
407 0.0025446
408 0.0025677
409 0.0025067
410 0.0024904
411 0.0026418
412 0.0026768
413 0.0025526
414 0.0026306
415 0.0025919
416 0.0027675
417 0.0026013
418 0.0025523
419 0.0027863
420 0.0026852
421 0.0026348
422 0.0026657
423 0.0027065
424 0.0026073
425 0.0027443
426 0.0026933
427 0.0028054
428 0.002734
429 0.0026993
430 0.0027024
431 0.0027509
432 0.0028152
433 0.0027438
434 0.0028313
435 0.00299
436 0.0028223
437 0.0027409
438 0.0029265
439 0.0029165
440 0.0027982
441 0.0029012
442 0.0027525
443 0.0029246
444 0.0028572
445 0.0028184
446 0.002847
447 0.0030687
448 0.0028895
449 0.0029481
450 0.0028552
451 0.0029225
452 0.0029006
453 0.0030368
454 0.0028857
455 0.0030211
456 0.0034789
457 0.0029561
458 0.0032348
459 0.0035333
460 0.0030466
461 0.0031001
462 0.0030055
463 0.0030529
464 0.0031518
465 0.003039
466 0.0029493
467 0.0032641
468 0.0030463
469 0.0030585
470 0.0030554
471 0.0030906
472 0.0031207
473 0.0030868
474 0.0030702
475 0.0031818
476 0.0031382
477 0.003121
478 0.0032274
479 0.0034043
480 0.0031416
481 0.0032839
482 0.0032087
483 0.0032293
484 0.0031966
485 0.0032551
486 0.0032596
487 0.0033636
488 0.003291
489 0.0032107
490 0.0032804
491 0.0032868
492 0.0033411
493 0.0032327
494 0.0033439
495 0.0033693
496 0.0033014
497 0.0033908
498 0.0033329
499 0.0038276
