cooo
0 5.27e-05
1 4.3e-05
2 4.1e-05
3 4.16e-05
4 4.38e-05
5 4.27e-05
6 3.99e-05
7 4.39e-05
8 3.93e-05
9 4.23e-05
10 4.03e-05
11 4.49e-05
12 4.15e-05
13 4.2e-05
14 4.39e-05
15 4.07e-05
16 3.95e-05
17 4.75e-05
18 3.93e-05
19 4.6e-05
20 3.97e-05
21 4.73e-05
22 3.87e-05
23 4.59e-05
24 4.07e-05
25 4.43e-05
26 4.13e-05
27 4.07e-05
28 4.01e-05
29 3.77e-05
30 4.24e-05
31 3.9e-05
32 4.01e-05
33 3.88e-05
34 3.94e-05
35 4.09e-05
36 3.82e-05
37 3.88e-05
38 4.14e-05
39 3.92e-05
40 4.5e-05
41 3.86e-05
42 4.2e-05
43 3.81e-05
44 4.23e-05
45 4.16e-05
46 4.7e-05
47 4.1e-05
48 4.27e-05
49 4.29e-05
50 4.75e-05
51 4.07e-05
52 4.23e-05
53 4.19e-05
54 4.33e-05
55 4.18e-05
56 4.25e-05
57 4.25e-05
58 4.24e-05
59 3.8e-05
60 4.72e-05
61 3.92e-05
62 4.46e-05
63 4.14e-05
64 4.6e-05
65 3.84e-05
66 4.39e-05
67 4.05e-05
68 4.38e-05
69 4e-05
70 4.75e-05
71 3.76e-05
72 3.97e-05
73 4.38e-05
74 5.19e-05
75 4.22e-05
76 3.88e-05
77 4.04e-05
78 4.18e-05
79 4e-05
80 4.08e-05
81 4.07e-05
82 3.99e-05
83 3.85e-05
84 3.92e-05
85 4.09e-05
86 4e-05
87 4.02e-05
88 4.34e-05
89 4.34e-05
90 4.03e-05
91 4.29e-05
92 4.12e-05
93 4.18e-05
94 3.94e-05
95 4.29e-05
96 4.29e-05
97 4.18e-05
98 4.59e-05
99 4.09e-05
100 4.22e-05
101 4.33e-05
102 3.96e-05
103 4.62e-05
104 3.92e-05
105 4.58e-05
106 3.97e-05
107 4.48e-05
108 4.03e-05
109 4.52e-05
110 3.99e-05
111 4.36e-05
112 3.9e-05
113 4.15e-05
114 5.52e-05
115 3.7e-05
116 4.19e-05
117 3.94e-05
118 3.93e-05
119 3.88e-05
120 4e-05
121 3.86e-05
122 3.78e-05
123 3.97e-05
124 4e-05
125 3.94e-05
126 4.12e-05
127 3.97e-05
128 4.18e-05
129 4.19e-05
130 4.15e-05
131 4.4e-05
132 4.16e-05
133 4.11e-05
134 4.24e-05
135 4.02e-05
136 4.26e-05
137 5.15e-05
138 4.33e-05
139 4.43e-05
140 4.14e-05
141 4.28e-05
142 4.35e-05
143 4.24e-05
144 4.19e-05
145 3.86e-05
146 5.95e-05
147 3.96e-05
148 4.65e-05
149 4.06e-05
150 4.58e-05
151 4.04e-05
152 4.76e-05
153 4.01e-05
154 4.79e-05
155 3.93e-05
156 4.11e-05
157 4.37e-05
158 3.72e-05
159 4.17e-05
160 3.8e-05
161 4.11e-05
162 3.73e-05
163 3.94e-05
164 6.55e-05
165 4.09e-05
166 3.83e-05
167 4.01e-05
168 3.9e-05
169 4.07e-05
170 3.99e-05
171 4.02e-05
172 4.13e-05
173 4.19e-05
174 4.09e-05
175 5.07e-05
176 4.02e-05
177 5.66e-05
178 4.16e-05
179 4.12e-05
180 4.08e-05
181 4.27e-05
182 4.26e-05
183 4.08e-05
184 4.2e-05
185 4.23e-05
186 4.19e-05
187 4.31e-05
188 3.85e-05
189 4.71e-05
190 5.66e-05
191 4.68e-05
192 3.81e-05
193 4.42e-05
194 4.21e-05
195 4.6e-05
196 3.85e-05
197 4.48e-05
198 3.97e-05
199 3.75e-05
200 4.53e-05
201 3.81e-05
202 4.2e-05
203 4.13e-05
204 4.07e-05
205 3.71e-05
206 4.04e-05
207 3.97e-05
208 3.9e-05
209 3.77e-05
210 4.13e-05
211 3.81e-05
212 3.94e-05
213 3.87e-05
214 4.12e-05
215 4.07e-05
216 4.19e-05
217 3.97e-05
218 4.35e-05
219 4.2e-05
220 4.33e-05
221 3.93e-05
222 4.3e-05
223 4.26e-05
224 4.84e-05
225 4.17e-05
226 4.38e-05
227 4.28e-05
228 4.06e-05
229 4.05e-05
230 4.67e-05
231 3.73e-05
232 4.57e-05
233 3.93e-05
234 4.59e-05
235 3.84e-05
236 4.59e-05
237 4.16e-05
238 4.52e-05
239 3.96e-05
240 4.55e-05
241 3.71e-05
242 3.88e-05
243 4.25e-05
244 3.98e-05
245 4.06e-05
246 3.86e-05
247 5.86e-05
248 4.01e-05
249 3.84e-05
250 3.89e-05
251 3.99e-05
252 3.82e-05
253 3.98e-05
254 4.03e-05
255 4.09e-05
256 3.83e-05
257 4.13e-05
258 4.15e-05
259 4.7e-05
260 4.12e-05
261 4.4e-05
262 3.9e-05
263 4.28e-05
264 3.99e-05
265 4.35e-05
266 3.93e-05
267 4.3e-05
268 4.18e-05
269 4.3e-05
270 4.28e-05
271 4.06e-05
272 4.02e-05
273 4.66e-05
274 3.93e-05
275 4.48e-05
276 3.93e-05
277 4.59e-05
278 4.06e-05
279 4.6e-05
280 3.97e-05
281 4.42e-05
282 4.08e-05
283 4.87e-05
284 4.09e-05
285 3.72e-05
286 4.36e-05
287 3.77e-05
288 3.74e-05
289 4.01e-05
290 4.12e-05
291 3.72e-05
292 3.86e-05
293 4.14e-05
294 3.99e-05
295 4.01e-05
296 4.19e-05
297 4.02e-05
298 4.28e-05
299 3.81e-05
300 4.28e-05
301 4.11e-05
302 4.65e-05
303 4.16e-05
304 4.39e-05
305 3.96e-05
306 4.3e-05
307 3.98e-05
308 4.24e-05
309 4.14e-05
310 6e-05
311 5.48e-05
312 4.18e-05
313 4.23e-05
314 4.28e-05
315 3.93e-05
316 4.77e-05
317 3.8e-05
318 4.84e-05
319 3.94e-05
320 4.9e-05
321 3.95e-05
322 4.65e-05
323 3.91e-05
324 4.53e-05
325 3.99e-05
326 4.29e-05
327 3.86e-05
328 3.89e-05
329 4.43e-05
330 3.86e-05
331 4.1e-05
332 4.1e-05
333 3.9e-05
334 3.86e-05
335 4.16e-05
336 3.91e-05
337 3.92e-05
338 4.01e-05
339 4.08e-05
340 4e-05
341 3.99e-05
342 3.93e-05
343 4.24e-05
344 6.09e-05
345 4.25e-05
346 4.1e-05
347 4.22e-05
348 4.12e-05
349 4.19e-05
350 3.83e-05
351 4.13e-05
352 4.34e-05
353 4.19e-05
354 6.21e-05
355 4.18e-05
356 4.34e-05
357 4.3e-05
358 5.78e-05
359 4.75e-05
360 3.89e-05
361 4.77e-05
362 3.94e-05
363 4.6e-05
364 3.96e-05
365 4.53e-05
366 4.18e-05
367 4.51e-05
368 5.85e-05
369 4.34e-05
370 4.32e-05
371 3.83e-05
372 4.18e-05
373 3.96e-05
374 4.09e-05
375 3.99e-05
376 3.83e-05
377 4e-05
378 4.13e-05
379 3.87e-05
380 3.76e-05
381 4.13e-05
382 3.97e-05
383 3.77e-05
384 4.21e-05
385 4.09e-05
386 4.2e-05
387 4.16e-05
388 4.39e-05
389 4.12e-05
390 4.96e-05
391 4.31e-05
392 4.22e-05
393 4e-05
394 4.22e-05
395 4.3e-05
396 4.21e-05
397 4.28e-05
398 4.25e-05
399 4.33e-05
400 4.16e-05
401 3.87e-05
402 6.51e-05
403 3.78e-05
404 5.87e-05
405 3.79e-05
406 4.88e-05
407 4.08e-05
408 4.48e-05
409 4.14e-05
410 4.77e-05
411 3.83e-05
412 4.06e-05
413 4.57e-05
414 3.87e-05
415 4.18e-05
416 3.99e-05
417 4.17e-05
418 4.08e-05
419 3.93e-05
420 5.57e-05
421 3.81e-05
422 4.02e-05
423 3.93e-05
424 3.82e-05
425 3.92e-05
426 4.01e-05
427 4.02e-05
428 4.16e-05
429 4.26e-05
430 4.28e-05
431 4.06e-05
432 4.25e-05
433 4.22e-05
434 3.85e-05
435 4.39e-05
436 4.02e-05
437 4.33e-05
438 4.35e-05
439 4.34e-05
440 4.35e-05
441 5.71e-05
442 4.32e-05
443 4.18e-05
444 3.8e-05
445 4.66e-05
446 3.78e-05
447 4.63e-05
448 3.96e-05
449 4.54e-05
450 3.92e-05
451 4.53e-05
452 4.19e-05
453 4.72e-05
454 4.12e-05
455 4.43e-05
456 3.8e-05
457 3.98e-05
458 4.15e-05
459 5.9e-05
460 4.12e-05
461 3.86e-05
462 3.81e-05
463 4.09e-05
464 3.94e-05
465 3.85e-05
466 5.14e-05
467 4.09e-05
468 4.61e-05
469 3.86e-05
470 4.21e-05
471 4.16e-05
472 4.16e-05
473 4.14e-05
474 4.39e-05
475 4.01e-05
476 4.32e-05
477 4.07e-05
478 4.16e-05
479 3.92e-05
480 4.25e-05
481 4.19e-05
482 4.28e-05
483 4.29e-05
484 4.29e-05
485 3.95e-05
486 4.65e-05
487 4.28e-05
488 4.63e-05
489 4.03e-05
490 4.8e-05
491 3.79e-05
492 4.78e-05
493 4.12e-05
494 4.88e-05
495 5.38e-05
496 4.3e-05
497 4.3e-05
498 4.18e-05
499 3.84e-05
