-1.000000 -0.314049
-0.999000 -0.306829
-0.998000 -0.299673
-0.997000 -0.292580
-0.996000 -0.285550
-0.995000 -0.278583
-0.994000 -0.271677
-0.993000 -0.264833
-0.992000 -0.258051
-0.991000 -0.251329
-0.990000 -0.244668
-0.989000 -0.238067
-0.988000 -0.231526
-0.987000 -0.225044
-0.986000 -0.218621
-0.985000 -0.212257
-0.984000 -0.205951
-0.983000 -0.199703
-0.982000 -0.193513
-0.981000 -0.187379
-0.980000 -0.181303
-0.979000 -0.175283
-0.978000 -0.169318
-0.977000 -0.163410
-0.976000 -0.157556
-0.975000 -0.151758
-0.974000 -0.146014
-0.973000 -0.140324
-0.972000 -0.134689
-0.971000 -0.129106
-0.970000 -0.123577
-0.969000 -0.118100
-0.968000 -0.112676
-0.967000 -0.107304
-0.966000 -0.101984
-0.965000 -0.096715
-0.964000 -0.091497
-0.963000 -0.086330
-0.962000 -0.081213
-0.961000 -0.076146
-0.960000 -0.071128
-0.959000 -0.066160
-0.958000 -0.061241
-0.957000 -0.056370
-0.956000 -0.051548
-0.955000 -0.046774
-0.954000 -0.042047
-0.953000 -0.037367
-0.952000 -0.032735
-0.951000 -0.028149
-0.950000 -0.023609
-0.949000 -0.019115
-0.948000 -0.014667
-0.947000 -0.010264
-0.946000 -0.005907
-0.945000 -0.001593
-0.944000 0.002675
-0.943000 0.006900
-0.942000 0.011081
-0.941000 0.015219
-0.940000 0.019314
-0.939000 0.023366
-0.938000 0.027375
-0.937000 0.031343
-0.936000 0.035268
-0.935000 0.039152
-0.934000 0.042995
-0.933000 0.046797
-0.932000 0.050559
-0.931000 0.054280
-0.930000 0.057961
-0.929000 0.061602
-0.928000 0.065204
-0.927000 0.068767
-0.926000 0.072291
-0.925000 0.075777
-0.924000 0.079224
-0.923000 0.082634
-0.922000 0.086006
-0.921000 0.089340
-0.920000 0.092638
-0.919000 0.095898
-0.918000 0.099123
-0.917000 0.102311
-0.916000 0.105463
-0.915000 0.108580
-0.914000 0.111661
-0.913000 0.114707
-0.912000 0.117718
-0.911000 0.120695
-0.910000 0.123638
-0.909000 0.126547
-0.908000 0.129422
-0.907000 0.132263
-0.906000 0.135072
-0.905000 0.137847
-0.904000 0.140590
-0.903000 0.143301
-0.902000 0.145980
-0.901000 0.148626
-0.900000 0.151242
-0.899000 0.153826
-0.898000 0.156379
-0.897000 0.158901
-0.896000 0.161393
-0.895000 0.163854
-0.894000 0.166286
-0.893000 0.168687
-0.892000 0.171060
-0.891000 0.173403
-0.890000 0.175717
-0.889000 0.178002
-0.888000 0.180259
-0.887000 0.182488
-0.886000 0.184689
-0.885000 0.186862
-0.884000 0.189007
-0.883000 0.191126
-0.882000 0.193217
-0.881000 0.195281
-0.880000 0.197319
-0.879000 0.199331
-0.878000 0.201317
-0.877000 0.203277
-0.876000 0.205211
-0.875000 0.207120
-0.874000 0.209004
-0.873000 0.210863
-0.872000 0.212697
-0.871000 0.214507
-0.870000 0.216293
-0.869000 0.218055
-0.868000 0.219793
-0.867000 0.221507
-0.866000 0.223198
-0.865000 0.224867
-0.864000 0.226512
-0.863000 0.228135
-0.862000 0.229735
-0.861000 0.231313
-0.860000 0.232869
-0.859000 0.234404
-0.858000 0.235917
-0.857000 0.237408
-0.856000 0.238879
-0.855000 0.240328
-0.854000 0.241757
-0.853000 0.243166
-0.852000 0.244554
-0.851000 0.245922
-0.850000 0.247270
-0.849000 0.248599
-0.848000 0.249908
-0.847000 0.251198
-0.846000 0.252469
-0.845000 0.253721
-0.844000 0.254954
-0.843000 0.256169
-0.842000 0.257365
-0.841000 0.258544
-0.840000 0.259705
-0.839000 0.260848
-0.838000 0.261974
-0.837000 0.263082
-0.836000 0.264173
-0.835000 0.265248
-0.834000 0.266305
-0.833000 0.267347
-0.832000 0.268371
-0.831000 0.269380
-0.830000 0.270373
-0.829000 0.271350
-0.828000 0.272311
-0.827000 0.273257
-0.826000 0.274188
-0.825000 0.275104
-0.824000 0.276005
-0.823000 0.276891
-0.822000 0.277763
-0.821000 0.278620
-0.820000 0.279463
-0.819000 0.280292
-0.818000 0.281108
-0.817000 0.281910
-0.816000 0.282698
-0.815000 0.283473
-0.814000 0.284235
-0.813000 0.284984
-0.812000 0.285720
-0.811000 0.286443
-0.810000 0.287154
-0.809000 0.287853
-0.808000 0.288540
-0.807000 0.289215
-0.806000 0.289877
-0.805000 0.290529
-0.804000 0.291168
-0.803000 0.291797
-0.802000 0.292414
-0.801000 0.293020
-0.800000 0.293616
-0.799000 0.294200
-0.798000 0.294774
-0.797000 0.295338
-0.796000 0.295892
-0.795000 0.296435
-0.794000 0.296969
-0.793000 0.297492
-0.792000 0.298006
-0.791000 0.298511
-0.790000 0.299006
-0.789000 0.299492
-0.788000 0.299969
-0.787000 0.300437
-0.786000 0.300897
-0.785000 0.301347
-0.784000 0.301789
-0.783000 0.302223
-0.782000 0.302649
-0.781000 0.303066
-0.780000 0.303476
-0.779000 0.303878
-0.778000 0.304272
-0.777000 0.304659
-0.776000 0.305038
-0.775000 0.305410
-0.774000 0.305775
-0.773000 0.306133
-0.772000 0.306484
-0.771000 0.306829
-0.770000 0.307167
-0.769000 0.307498
-0.768000 0.307823
-0.767000 0.308142
-0.766000 0.308455
-0.765000 0.308761
-0.764000 0.309062
-0.763000 0.309358
-0.762000 0.309647
-0.761000 0.309931
-0.760000 0.310210
-0.759000 0.310484
-0.758000 0.310752
-0.757000 0.311016
-0.756000 0.311275
-0.755000 0.311528
-0.754000 0.311778
-0.753000 0.312022
-0.752000 0.312263
-0.751000 0.312499
-0.750000 0.312731
-0.749000 0.312959
-0.748000 0.313182
-0.747000 0.313402
-0.746000 0.313619
-0.745000 0.313831
-0.744000 0.314040
-0.743000 0.314246
-0.742000 0.314449
-0.741000 0.314648
-0.740000 0.314844
-0.739000 0.315037
-0.738000 0.315227
-0.737000 0.315415
-0.736000 0.315600
-0.735000 0.315782
-0.734000 0.315962
-0.733000 0.316139
-0.732000 0.316314
-0.731000 0.316487
-0.730000 0.316658
-0.729000 0.316826
-0.728000 0.316993
-0.727000 0.317159
-0.726000 0.317322
-0.725000 0.317484
-0.724000 0.317644
-0.723000 0.317803
-0.722000 0.317961
-0.721000 0.318117
-0.720000 0.318272
-0.719000 0.318426
-0.718000 0.318579
-0.717000 0.318732
-0.716000 0.318883
-0.715000 0.319034
-0.714000 0.319184
-0.713000 0.319333
-0.712000 0.319483
-0.711000 0.319631
-0.710000 0.319780
-0.709000 0.319928
-0.708000 0.320076
-0.707000 0.320224
-0.706000 0.320372
-0.705000 0.320521
-0.704000 0.320669
-0.703000 0.320818
-0.702000 0.320967
-0.701000 0.321116
-0.700000 0.321266
-0.699000 0.321417
-0.698000 0.321568
-0.697000 0.321720
-0.696000 0.321873
-0.695000 0.322027
-0.694000 0.322181
-0.693000 0.322337
-0.692000 0.322494
-0.691000 0.322652
-0.690000 0.322811
-0.689000 0.322971
-0.688000 0.323133
-0.687000 0.323296
-0.686000 0.323461
-0.685000 0.323627
-0.684000 0.323795
-0.683000 0.323965
-0.682000 0.324136
-0.681000 0.324309
-0.680000 0.324484
-0.679000 0.324661
-0.678000 0.324840
-0.677000 0.325022
-0.676000 0.325205
-0.675000 0.325390
-0.674000 0.325578
-0.673000 0.325768
-0.672000 0.325961
-0.671000 0.326155
-0.670000 0.326353
-0.669000 0.326553
-0.668000 0.326755
-0.667000 0.326960
-0.666000 0.327168
-0.665000 0.327379
-0.664000 0.327592
-0.663000 0.327809
-0.662000 0.328028
-0.661000 0.328250
-0.660000 0.328476
-0.659000 0.328704
-0.658000 0.328935
-0.657000 0.329170
-0.656000 0.329408
-0.655000 0.329649
-0.654000 0.329894
-0.653000 0.330141
-0.652000 0.330393
-0.651000 0.330647
-0.650000 0.330906
-0.649000 0.331167
-0.648000 0.331433
-0.647000 0.331702
-0.646000 0.331975
-0.645000 0.332251
-0.644000 0.332531
-0.643000 0.332815
-0.642000 0.333103
-0.641000 0.333395
-0.640000 0.333691
-0.639000 0.333990
-0.638000 0.334294
-0.637000 0.334602
-0.636000 0.334914
-0.635000 0.335230
-0.634000 0.335550
-0.633000 0.335874
-0.632000 0.336203
-0.631000 0.336535
-0.630000 0.336873
-0.629000 0.337214
-0.628000 0.337560
-0.627000 0.337910
-0.626000 0.338265
-0.625000 0.338624
-0.624000 0.338988
-0.623000 0.339356
-0.622000 0.339729
-0.621000 0.340106
-0.620000 0.340488
-0.619000 0.340875
-0.618000 0.341266
-0.617000 0.341662
-0.616000 0.342063
-0.615000 0.342468
-0.614000 0.342879
-0.613000 0.343294
-0.612000 0.343714
-0.611000 0.344139
-0.610000 0.344569
-0.609000 0.345003
-0.608000 0.345443
-0.607000 0.345888
-0.606000 0.346337
-0.605000 0.346792
-0.604000 0.347252
-0.603000 0.347716
-0.602000 0.348186
-0.601000 0.348661
-0.600000 0.349141
-0.599000 0.349626
-0.598000 0.350117
-0.597000 0.350612
-0.596000 0.351113
-0.595000 0.351619
-0.594000 0.352130
-0.593000 0.352647
-0.592000 0.353168
-0.591000 0.353695
-0.590000 0.354228
-0.589000 0.354765
-0.588000 0.355308
-0.587000 0.355857
-0.586000 0.356410
-0.585000 0.356969
-0.584000 0.357534
-0.583000 0.358103
-0.582000 0.358679
-0.581000 0.359259
-0.580000 0.359846
-0.579000 0.360437
-0.578000 0.361034
-0.577000 0.361637
-0.576000 0.362245
-0.575000 0.362858
-0.574000 0.363477
-0.573000 0.364102
-0.572000 0.364732
-0.571000 0.365367
-0.570000 0.366008
-0.569000 0.366655
-0.568000 0.367307
-0.567000 0.367965
-0.566000 0.368628
-0.565000 0.369297
-0.564000 0.369972
-0.563000 0.370652
-0.562000 0.371337
-0.561000 0.372028
-0.560000 0.372725
-0.559000 0.373428
-0.558000 0.374136
-0.557000 0.374849
-0.556000 0.375568
-0.555000 0.376293
-0.554000 0.377024
-0.553000 0.377760
-0.552000 0.378502
-0.551000 0.379249
-0.550000 0.380002
-0.549000 0.380760
-0.548000 0.381524
-0.547000 0.382294
-0.546000 0.383069
-0.545000 0.383850
-0.544000 0.384637
-0.543000 0.385429
-0.542000 0.386227
-0.541000 0.387031
-0.540000 0.387840
-0.539000 0.388654
-0.538000 0.389474
-0.537000 0.390300
-0.536000 0.391132
-0.535000 0.391969
-0.534000 0.392811
-0.533000 0.393659
-0.532000 0.394513
-0.531000 0.395372
-0.530000 0.396237
-0.529000 0.397107
-0.528000 0.397983
-0.527000 0.398865
-0.526000 0.399752
-0.525000 0.400644
-0.524000 0.401542
-0.523000 0.402446
-0.522000 0.403355
-0.521000 0.404269
-0.520000 0.405189
-0.519000 0.406115
-0.518000 0.407046
-0.517000 0.407982
-0.516000 0.408924
-0.515000 0.409871
-0.514000 0.410824
-0.513000 0.411782
-0.512000 0.412745
-0.511000 0.413714
-0.510000 0.414688
-0.509000 0.415668
-0.508000 0.416653
-0.507000 0.417643
-0.506000 0.418638
-0.505000 0.419639
-0.504000 0.420645
-0.503000 0.421657
-0.502000 0.422673
-0.501000 0.423695
-0.500000 0.424723
-0.499000 0.425755
-0.498000 0.426793
-0.497000 0.427835
-0.496000 0.428883
-0.495000 0.429936
-0.494000 0.430995
-0.493000 0.432058
-0.492000 0.433127
-0.491000 0.434200
-0.490000 0.435279
-0.489000 0.436363
-0.488000 0.437452
-0.487000 0.438545
-0.486000 0.439644
-0.485000 0.440748
-0.484000 0.441857
-0.483000 0.442970
-0.482000 0.444089
-0.481000 0.445213
-0.480000 0.446341
-0.479000 0.447474
-0.478000 0.448613
-0.477000 0.449756
-0.476000 0.450903
-0.475000 0.452056
-0.474000 0.453213
-0.473000 0.454376
-0.472000 0.455542
-0.471000 0.456714
-0.470000 0.457890
-0.469000 0.459071
-0.468000 0.460257
-0.467000 0.461447
-0.466000 0.462642
-0.465000 0.463841
-0.464000 0.465045
-0.463000 0.466253
-0.462000 0.467466
-0.461000 0.468684
-0.460000 0.469905
-0.459000 0.471132
-0.458000 0.472362
-0.457000 0.473597
-0.456000 0.474837
-0.455000 0.476081
-0.454000 0.477329
-0.453000 0.478581
-0.452000 0.479838
-0.451000 0.481099
-0.450000 0.482364
-0.449000 0.483633
-0.448000 0.484906
-0.447000 0.486184
-0.446000 0.487466
-0.445000 0.488751
-0.444000 0.490041
-0.443000 0.491335
-0.442000 0.492633
-0.441000 0.493935
-0.440000 0.495240
-0.439000 0.496550
-0.438000 0.497864
-0.437000 0.499181
-0.436000 0.500502
-0.435000 0.501827
-0.434000 0.503156
-0.433000 0.504489
-0.432000 0.505825
-0.431000 0.507165
-0.430000 0.508509
-0.429000 0.509856
-0.428000 0.511207
-0.427000 0.512561
-0.426000 0.513919
-0.425000 0.515281
-0.424000 0.516646
-0.423000 0.518014
-0.422000 0.519386
-0.421000 0.520762
-0.420000 0.522140
-0.419000 0.523522
-0.418000 0.524908
-0.417000 0.526296
-0.416000 0.527688
-0.415000 0.529083
-0.414000 0.530481
-0.413000 0.531883
-0.412000 0.533287
-0.411000 0.534695
-0.410000 0.536106
-0.409000 0.537519
-0.408000 0.538936
-0.407000 0.540356
-0.406000 0.541778
-0.405000 0.543204
-0.404000 0.544632
-0.403000 0.546063
-0.402000 0.547498
-0.401000 0.548934
-0.400000 0.550374
-0.399000 0.551816
-0.398000 0.553261
-0.397000 0.554709
-0.396000 0.556159
-0.395000 0.557612
-0.394000 0.559067
-0.393000 0.560525
-0.392000 0.561985
-0.391000 0.563448
-0.390000 0.564913
-0.389000 0.566380
-0.388000 0.567850
-0.387000 0.569322
-0.386000 0.570797
-0.385000 0.572273
-0.384000 0.573752
-0.383000 0.575233
-0.382000 0.576717
-0.381000 0.578202
-0.380000 0.579689
-0.379000 0.581179
-0.378000 0.582670
-0.377000 0.584163
-0.376000 0.585659
-0.375000 0.587156
-0.374000 0.588655
-0.373000 0.590156
-0.372000 0.591659
-0.371000 0.593163
-0.370000 0.594669
-0.369000 0.596177
-0.368000 0.597687
-0.367000 0.599198
-0.366000 0.600711
-0.365000 0.602225
-0.364000 0.603741
-0.363000 0.605258
-0.362000 0.606777
-0.361000 0.608297
-0.360000 0.609818
-0.359000 0.611341
-0.358000 0.612865
-0.357000 0.614390
-0.356000 0.615917
-0.355000 0.617445
-0.354000 0.618974
-0.353000 0.620504
-0.352000 0.622035
-0.351000 0.623567
-0.350000 0.625100
-0.349000 0.626635
-0.348000 0.628170
-0.347000 0.629706
-0.346000 0.631243
-0.345000 0.632780
-0.344000 0.634319
-0.343000 0.635858
-0.342000 0.637398
-0.341000 0.638939
-0.340000 0.640480
-0.339000 0.642022
-0.338000 0.643565
-0.337000 0.645108
-0.336000 0.646651
-0.335000 0.648195
-0.334000 0.649740
-0.333000 0.651285
-0.332000 0.652830
-0.331000 0.654375
-0.330000 0.655921
-0.329000 0.657467
-0.328000 0.659013
-0.327000 0.660560
-0.326000 0.662106
-0.325000 0.663653
-0.324000 0.665200
-0.323000 0.666747
-0.322000 0.668294
-0.321000 0.669840
-0.320000 0.671387
-0.319000 0.672933
-0.318000 0.674480
-0.317000 0.676026
-0.316000 0.677572
-0.315000 0.679118
-0.314000 0.680663
-0.313000 0.682208
-0.312000 0.683753
-0.311000 0.685297
-0.310000 0.686841
-0.309000 0.688384
-0.308000 0.689927
-0.307000 0.691469
-0.306000 0.693011
-0.305000 0.694552
-0.304000 0.696092
-0.303000 0.697632
-0.302000 0.699171
-0.301000 0.700709
-0.300000 0.702246
-0.299000 0.703783
-0.298000 0.705318
-0.297000 0.706853
-0.296000 0.708386
-0.295000 0.709919
-0.294000 0.711451
-0.293000 0.712981
-0.292000 0.714511
-0.291000 0.716039
-0.290000 0.717566
-0.289000 0.719092
-0.288000 0.720617
-0.287000 0.722140
-0.286000 0.723662
-0.285000 0.725183
-0.284000 0.726702
-0.283000 0.728220
-0.282000 0.729737
-0.281000 0.731252
-0.280000 0.732765
-0.279000 0.734277
-0.278000 0.735787
-0.277000 0.737295
-0.276000 0.738802
-0.275000 0.740307
-0.274000 0.741811
-0.273000 0.743312
-0.272000 0.744812
-0.271000 0.746310
-0.270000 0.747806
-0.269000 0.749300
-0.268000 0.750792
-0.267000 0.752282
-0.266000 0.753770
-0.265000 0.755256
-0.264000 0.756740
-0.263000 0.758222
-0.262000 0.759701
-0.261000 0.761178
-0.260000 0.762653
-0.259000 0.764126
-0.258000 0.765597
-0.257000 0.767065
-0.256000 0.768530
-0.255000 0.769994
-0.254000 0.771454
-0.253000 0.772913
-0.252000 0.774369
-0.251000 0.775822
-0.250000 0.777272
-0.249000 0.778720
-0.248000 0.780166
-0.247000 0.781608
-0.246000 0.783048
-0.245000 0.784485
-0.244000 0.785919
-0.243000 0.787351
-0.242000 0.788779
-0.241000 0.790205
-0.240000 0.791628
-0.239000 0.793048
-0.238000 0.794464
-0.237000 0.795878
-0.236000 0.797289
-0.235000 0.798696
-0.234000 0.800101
-0.233000 0.801502
-0.232000 0.802900
-0.231000 0.804295
-0.230000 0.805686
-0.229000 0.807074
-0.228000 0.808459
-0.227000 0.809841
-0.226000 0.811219
-0.225000 0.812593
-0.224000 0.813964
-0.223000 0.815332
-0.222000 0.816696
-0.221000 0.818057
-0.220000 0.819414
-0.219000 0.820767
-0.218000 0.822117
-0.217000 0.823462
-0.216000 0.824805
-0.215000 0.826143
-0.214000 0.827478
-0.213000 0.828809
-0.212000 0.830136
-0.211000 0.831459
-0.210000 0.832778
-0.209000 0.834093
-0.208000 0.835404
-0.207000 0.836712
-0.206000 0.838015
-0.205000 0.839314
-0.204000 0.840609
-0.203000 0.841900
-0.202000 0.843187
-0.201000 0.844469
-0.200000 0.845748
-0.199000 0.847022
-0.198000 0.848292
-0.197000 0.849557
-0.196000 0.850818
-0.195000 0.852075
-0.194000 0.853327
-0.193000 0.854575
-0.192000 0.855819
-0.191000 0.857058
-0.190000 0.858292
-0.189000 0.859522
-0.188000 0.860747
-0.187000 0.861968
-0.186000 0.863184
-0.185000 0.864396
-0.184000 0.865602
-0.183000 0.866804
-0.182000 0.868002
-0.181000 0.869194
-0.180000 0.870382
-0.179000 0.871565
-0.178000 0.872743
-0.177000 0.873916
-0.176000 0.875084
-0.175000 0.876247
-0.174000 0.877405
-0.173000 0.878559
-0.172000 0.879707
-0.171000 0.880850
-0.170000 0.881988
-0.169000 0.883121
-0.168000 0.884249
-0.167000 0.885372
-0.166000 0.886489
-0.165000 0.887602
-0.164000 0.888709
-0.163000 0.889811
-0.162000 0.890907
-0.161000 0.891998
-0.160000 0.893084
-0.159000 0.894165
-0.158000 0.895240
-0.157000 0.896309
-0.156000 0.897374
-0.155000 0.898432
-0.154000 0.899486
-0.153000 0.900534
-0.152000 0.901576
-0.151000 0.902612
-0.150000 0.903644
-0.149000 0.904669
-0.148000 0.905689
-0.147000 0.906703
-0.146000 0.907712
-0.145000 0.908714
-0.144000 0.909711
-0.143000 0.910703
-0.142000 0.911688
-0.141000 0.912668
-0.140000 0.913642
-0.139000 0.914610
-0.138000 0.915572
-0.137000 0.916528
-0.136000 0.917479
-0.135000 0.918423
-0.134000 0.919361
-0.133000 0.920294
-0.132000 0.921220
-0.131000 0.922141
-0.130000 0.923055
-0.129000 0.923964
-0.128000 0.924866
-0.127000 0.925762
-0.126000 0.926652
-0.125000 0.927536
-0.124000 0.928414
-0.123000 0.929285
-0.122000 0.930150
-0.121000 0.931010
-0.120000 0.931862
-0.119000 0.932709
-0.118000 0.933549
-0.117000 0.934383
-0.116000 0.935211
-0.115000 0.936032
-0.114000 0.936847
-0.113000 0.937655
-0.112000 0.938457
-0.111000 0.939253
-0.110000 0.940042
-0.109000 0.940825
-0.108000 0.941601
-0.107000 0.942371
-0.106000 0.943134
-0.105000 0.943891
-0.104000 0.944641
-0.103000 0.945385
-0.102000 0.946122
-0.101000 0.946852
-0.100000 0.947576
-0.099000 0.948293
-0.098000 0.949004
-0.097000 0.949707
-0.096000 0.950405
-0.095000 0.951095
-0.094000 0.951779
-0.093000 0.952456
-0.092000 0.953126
-0.091000 0.953789
-0.090000 0.954446
-0.089000 0.955096
-0.088000 0.955739
-0.087000 0.956375
-0.086000 0.957005
-0.085000 0.957627
-0.084000 0.958243
-0.083000 0.958851
-0.082000 0.959453
-0.081000 0.960048
-0.080000 0.960636
-0.079000 0.961217
-0.078000 0.961792
-0.077000 0.962359
-0.076000 0.962919
-0.075000 0.963472
-0.074000 0.964018
-0.073000 0.964557
-0.072000 0.965090
-0.071000 0.965615
-0.070000 0.966133
-0.069000 0.966644
-0.068000 0.967147
-0.067000 0.967644
-0.066000 0.968134
-0.065000 0.968616
-0.064000 0.969092
-0.063000 0.969560
-0.062000 0.970021
-0.061000 0.970475
-0.060000 0.970922
-0.059000 0.971362
-0.058000 0.971794
-0.057000 0.972219
-0.056000 0.972637
-0.055000 0.973048
-0.054000 0.973452
-0.053000 0.973848
-0.052000 0.974237
-0.051000 0.974619
-0.050000 0.974994
-0.049000 0.975361
-0.048000 0.975721
-0.047000 0.976074
-0.046000 0.976419
-0.045000 0.976757
-0.044000 0.977088
-0.043000 0.977411
-0.042000 0.977728
-0.041000 0.978036
-0.040000 0.978338
-0.039000 0.978632
-0.038000 0.978919
-0.037000 0.979198
-0.036000 0.979470
-0.035000 0.979735
-0.034000 0.979992
-0.033000 0.980242
-0.032000 0.980484
-0.031000 0.980719
-0.030000 0.980947
-0.029000 0.981167
-0.028000 0.981380
-0.027000 0.981585
-0.026000 0.981783
-0.025000 0.981974
-0.024000 0.982157
-0.023000 0.982333
-0.022000 0.982501
-0.021000 0.982662
-0.020000 0.982815
-0.019000 0.982961
-0.018000 0.983099
-0.017000 0.983230
-0.016000 0.983354
-0.015000 0.983470
-0.014000 0.983578
-0.013000 0.983679
-0.012000 0.983773
-0.011000 0.983859
-0.010000 0.983937
-0.009000 0.984009
-0.008000 0.984072
-0.007000 0.984128
-0.006000 0.984177
-0.005000 0.984218
-0.004000 0.984252
-0.003000 0.984278
-0.002000 0.984297
-0.001000 0.984308
0.000000 0.984312
0.001000 0.984308
0.002000 0.984297
0.003000 0.984278
0.004000 0.984252
0.005000 0.984218
0.006000 0.984177
0.007000 0.984128
0.008000 0.984072
0.009000 0.984009
0.010000 0.983937
0.011000 0.983859
0.012000 0.983773
0.013000 0.983679
0.014000 0.983578
0.015000 0.983470
0.016000 0.983354
0.017000 0.983230
0.018000 0.983099
0.019000 0.982961
0.020000 0.982815
0.021000 0.982662
0.022000 0.982501
0.023000 0.982333
0.024000 0.982157
0.025000 0.981974
0.026000 0.981783
0.027000 0.981585
0.028000 0.981380
0.029000 0.981167
0.030000 0.980947
0.031000 0.980719
0.032000 0.980484
0.033000 0.980242
0.034000 0.979992
0.035000 0.979735
0.036000 0.979470
0.037000 0.979198
0.038000 0.978919
0.039000 0.978632
0.040000 0.978338
0.041000 0.978036
0.042000 0.977728
0.043000 0.977411
0.044000 0.977088
0.045000 0.976757
0.046000 0.976419
0.047000 0.976074
0.048000 0.975721
0.049000 0.975361
0.050000 0.974994
0.051000 0.974619
0.052000 0.974237
0.053000 0.973848
0.054000 0.973452
0.055000 0.973048
0.056000 0.972637
0.057000 0.972219
0.058000 0.971794
0.059000 0.971362
0.060000 0.970922
0.061000 0.970475
0.062000 0.970021
0.063000 0.969560
0.064000 0.969092
0.065000 0.968616
0.066000 0.968134
0.067000 0.967644
0.068000 0.967147
0.069000 0.966644
0.070000 0.966133
0.071000 0.965615
0.072000 0.965090
0.073000 0.964557
0.074000 0.964018
0.075000 0.963472
0.076000 0.962919
0.077000 0.962359
0.078000 0.961792
0.079000 0.961217
0.080000 0.960636
0.081000 0.960048
0.082000 0.959453
0.083000 0.958851
0.084000 0.958243
0.085000 0.957627
0.086000 0.957005
0.087000 0.956375
0.088000 0.955739
0.089000 0.955096
0.090000 0.954446
0.091000 0.953789
0.092000 0.953126
0.093000 0.952456
0.094000 0.951779
0.095000 0.951095
0.096000 0.950405
0.097000 0.949707
0.098000 0.949004
0.099000 0.948293
0.100000 0.947576
0.101000 0.946852
0.102000 0.946122
0.103000 0.945385
0.104000 0.944641
0.105000 0.943891
0.106000 0.943134
0.107000 0.942371
0.108000 0.941601
0.109000 0.940825
0.110000 0.940042
0.111000 0.939253
0.112000 0.938457
0.113000 0.937655
0.114000 0.936847
0.115000 0.936032
0.116000 0.935211
0.117000 0.934383
0.118000 0.933549
0.119000 0.932709
0.120000 0.931862
0.121000 0.931010
0.122000 0.930150
0.123000 0.929285
0.124000 0.928414
0.125000 0.927536
0.126000 0.926652
0.127000 0.925762
0.128000 0.924866
0.129000 0.923964
0.130000 0.923055
0.131000 0.922141
0.132000 0.921220
0.133000 0.920294
0.134000 0.919361
0.135000 0.918423
0.136000 0.917479
0.137000 0.916528
0.138000 0.915572
0.139000 0.914610
0.140000 0.913642
0.141000 0.912668
0.142000 0.911688
0.143000 0.910703
0.144000 0.909711
0.145000 0.908714
0.146000 0.907712
0.147000 0.906703
0.148000 0.905689
0.149000 0.904669
0.150000 0.903644
0.151000 0.902612
0.152000 0.901576
0.153000 0.900534
0.154000 0.899486
0.155000 0.898432
0.156000 0.897374
0.157000 0.896309
0.158000 0.895240
0.159000 0.894165
0.160000 0.893084
0.161000 0.891998
0.162000 0.890907
0.163000 0.889811
0.164000 0.888709
0.165000 0.887602
0.166000 0.886489
0.167000 0.885372
0.168000 0.884249
0.169000 0.883121
0.170000 0.881988
0.171000 0.880850
0.172000 0.879707
0.173000 0.878559
0.174000 0.877405
0.175000 0.876247
0.176000 0.875084
0.177000 0.873916
0.178000 0.872743
0.179000 0.871565
0.180000 0.870382
0.181000 0.869194
0.182000 0.868002
0.183000 0.866804
0.184000 0.865602
0.185000 0.864396
0.186000 0.863184
0.187000 0.861968
0.188000 0.860747
0.189000 0.859522
0.190000 0.858292
0.191000 0.857058
0.192000 0.855819
0.193000 0.854575
0.194000 0.853327
0.195000 0.852075
0.196000 0.850818
0.197000 0.849557
0.198000 0.848292
0.199000 0.847022
0.200000 0.845748
0.201000 0.844469
0.202000 0.843187
0.203000 0.841900
0.204000 0.840609
0.205000 0.839314
0.206000 0.838015
0.207000 0.836712
0.208000 0.835404
0.209000 0.834093
0.210000 0.832778
0.211000 0.831459
0.212000 0.830136
0.213000 0.828809
0.214000 0.827478
0.215000 0.826143
0.216000 0.824805
0.217000 0.823462
0.218000 0.822117
0.219000 0.820767
0.220000 0.819414
0.221000 0.818057
0.222000 0.816696
0.223000 0.815332
0.224000 0.813964
0.225000 0.812593
0.226000 0.811219
0.227000 0.809841
0.228000 0.808459
0.229000 0.807074
0.230000 0.805686
0.231000 0.804295
0.232000 0.802900
0.233000 0.801502
0.234000 0.800101
0.235000 0.798696
0.236000 0.797289
0.237000 0.795878
0.238000 0.794464
0.239000 0.793048
0.240000 0.791628
0.241000 0.790205
0.242000 0.788779
0.243000 0.787351
0.244000 0.785919
0.245000 0.784485
0.246000 0.783048
0.247000 0.781608
0.248000 0.780166
0.249000 0.778720
0.250000 0.777272
0.251000 0.775822
0.252000 0.774369
0.253000 0.772913
0.254000 0.771454
0.255000 0.769994
0.256000 0.768530
0.257000 0.767065
0.258000 0.765597
0.259000 0.764126
0.260000 0.762653
0.261000 0.761178
0.262000 0.759701
0.263000 0.758222
0.264000 0.756740
0.265000 0.755256
0.266000 0.753770
0.267000 0.752282
0.268000 0.750792
0.269000 0.749300
0.270000 0.747806
0.271000 0.746310
0.272000 0.744812
0.273000 0.743312
0.274000 0.741811
0.275000 0.740307
0.276000 0.738802
0.277000 0.737295
0.278000 0.735787
0.279000 0.734277
0.280000 0.732765
0.281000 0.731252
0.282000 0.729737
0.283000 0.728220
0.284000 0.726702
0.285000 0.725183
0.286000 0.723662
0.287000 0.722140
0.288000 0.720617
0.289000 0.719092
0.290000 0.717566
0.291000 0.716039
0.292000 0.714511
0.293000 0.712981
0.294000 0.711451
0.295000 0.709919
0.296000 0.708386
0.297000 0.706853
0.298000 0.705318
0.299000 0.703783
0.300000 0.702246
0.301000 0.700709
0.302000 0.699171
0.303000 0.697632
0.304000 0.696092
0.305000 0.694552
0.306000 0.693011
0.307000 0.691469
0.308000 0.689927
0.309000 0.688384
0.310000 0.686841
0.311000 0.685297
0.312000 0.683753
0.313000 0.682208
0.314000 0.680663
0.315000 0.679118
0.316000 0.677572
0.317000 0.676026
0.318000 0.674480
0.319000 0.672933
0.320000 0.671387
0.321000 0.669840
0.322000 0.668294
0.323000 0.666747
0.324000 0.665200
0.325000 0.663653
0.326000 0.662106
0.327000 0.660560
0.328000 0.659013
0.329000 0.657467
0.330000 0.655921
0.331000 0.654375
0.332000 0.652830
0.333000 0.651285
0.334000 0.649740
0.335000 0.648195
0.336000 0.646651
0.337000 0.645108
0.338000 0.643565
0.339000 0.642022
0.340000 0.640480
0.341000 0.638939
0.342000 0.637398
0.343000 0.635858
0.344000 0.634319
0.345000 0.632780
0.346000 0.631243
0.347000 0.629706
0.348000 0.628170
0.349000 0.626635
0.350000 0.625100
0.351000 0.623567
0.352000 0.622035
0.353000 0.620504
0.354000 0.618974
0.355000 0.617445
0.356000 0.615917
0.357000 0.614390
0.358000 0.612865
0.359000 0.611341
0.360000 0.609818
0.361000 0.608297
0.362000 0.606777
0.363000 0.605258
0.364000 0.603741
0.365000 0.602225
0.366000 0.600711
0.367000 0.599198
0.368000 0.597687
0.369000 0.596177
0.370000 0.594669
0.371000 0.593163
0.372000 0.591659
0.373000 0.590156
0.374000 0.588655
0.375000 0.587156
0.376000 0.585659
0.377000 0.584163
0.378000 0.582670
0.379000 0.581179
0.380000 0.579689
0.381000 0.578202
0.382000 0.576717
0.383000 0.575233
0.384000 0.573752
0.385000 0.572273
0.386000 0.570797
0.387000 0.569322
0.388000 0.567850
0.389000 0.566380
0.390000 0.564913
0.391000 0.563448
0.392000 0.561985
0.393000 0.560525
0.394000 0.559067
0.395000 0.557612
0.396000 0.556159
0.397000 0.554709
0.398000 0.553261
0.399000 0.551816
0.400000 0.550374
0.401000 0.548934
0.402000 0.547498
0.403000 0.546063
0.404000 0.544632
0.405000 0.543204
0.406000 0.541778
0.407000 0.540356
0.408000 0.538936
0.409000 0.537519
0.410000 0.536106
0.411000 0.534695
0.412000 0.533287
0.413000 0.531883
0.414000 0.530481
0.415000 0.529083
0.416000 0.527688
0.417000 0.526296
0.418000 0.524908
0.419000 0.523522
0.420000 0.522140
0.421000 0.520762
0.422000 0.519386
0.423000 0.518014
0.424000 0.516646
0.425000 0.515281
0.426000 0.513919
0.427000 0.512561
0.428000 0.511207
0.429000 0.509856
0.430000 0.508509
0.431000 0.507165
0.432000 0.505825
0.433000 0.504489
0.434000 0.503156
0.435000 0.501827
0.436000 0.500502
0.437000 0.499181
0.438000 0.497864
0.439000 0.496550
0.440000 0.495240
0.441000 0.493935
0.442000 0.492633
0.443000 0.491335
0.444000 0.490041
0.445000 0.488751
0.446000 0.487466
0.447000 0.486184
0.448000 0.484906
0.449000 0.483633
0.450000 0.482364
0.451000 0.481099
0.452000 0.479838
0.453000 0.478581
0.454000 0.477329
0.455000 0.476081
0.456000 0.474837
0.457000 0.473597
0.458000 0.472362
0.459000 0.471132
0.460000 0.469905
0.461000 0.468684
0.462000 0.467466
0.463000 0.466253
0.464000 0.465045
0.465000 0.463841
0.466000 0.462642
0.467000 0.461447
0.468000 0.460257
0.469000 0.459071
0.470000 0.457890
0.471000 0.456714
0.472000 0.455542
0.473000 0.454376
0.474000 0.453213
0.475000 0.452056
0.476000 0.450903
0.477000 0.449756
0.478000 0.448613
0.479000 0.447474
0.480000 0.446341
0.481000 0.445213
0.482000 0.444089
0.483000 0.442970
0.484000 0.441857
0.485000 0.440748
0.486000 0.439644
0.487000 0.438545
0.488000 0.437452
0.489000 0.436363
0.490000 0.435279
0.491000 0.434200
0.492000 0.433127
0.493000 0.432058
0.494000 0.430995
0.495000 0.429936
0.496000 0.428883
0.497000 0.427835
0.498000 0.426793
0.499000 0.425755
0.500000 0.424723
0.501000 0.423695
0.502000 0.422673
0.503000 0.421657
0.504000 0.420645
0.505000 0.419639
0.506000 0.418638
0.507000 0.417643
0.508000 0.416653
0.509000 0.415668
0.510000 0.414688
0.511000 0.413714
0.512000 0.412745
0.513000 0.411782
0.514000 0.410824
0.515000 0.409871
0.516000 0.408924
0.517000 0.407982
0.518000 0.407046
0.519000 0.406115
0.520000 0.405189
0.521000 0.404269
0.522000 0.403355
0.523000 0.402446
0.524000 0.401542
0.525000 0.400644
0.526000 0.399752
0.527000 0.398865
0.528000 0.397983
0.529000 0.397107
0.530000 0.396237
0.531000 0.395372
0.532000 0.394513
0.533000 0.393659
0.534000 0.392811
0.535000 0.391969
0.536000 0.391132
0.537000 0.390300
0.538000 0.389474
0.539000 0.388654
0.540000 0.387840
0.541000 0.387031
0.542000 0.386227
0.543000 0.385429
0.544000 0.384637
0.545000 0.383850
0.546000 0.383069
0.547000 0.382294
0.548000 0.381524
0.549000 0.380760
0.550000 0.380002
0.551000 0.379249
0.552000 0.378502
0.553000 0.377760
0.554000 0.377024
0.555000 0.376293
0.556000 0.375568
0.557000 0.374849
0.558000 0.374136
0.559000 0.373428
0.560000 0.372725
0.561000 0.372028
0.562000 0.371337
0.563000 0.370652
0.564000 0.369972
0.565000 0.369297
0.566000 0.368628
0.567000 0.367965
0.568000 0.367307
0.569000 0.366655
0.570000 0.366008
0.571000 0.365367
0.572000 0.364732
0.573000 0.364102
0.574000 0.363477
0.575000 0.362858
0.576000 0.362245
0.577000 0.361637
0.578000 0.361034
0.579000 0.360437
0.580000 0.359846
0.581000 0.359259
0.582000 0.358679
0.583000 0.358103
0.584000 0.357534
0.585000 0.356969
0.586000 0.356410
0.587000 0.355857
0.588000 0.355308
0.589000 0.354765
0.590000 0.354228
0.591000 0.353695
0.592000 0.353168
0.593000 0.352647
0.594000 0.352130
0.595000 0.351619
0.596000 0.351113
0.597000 0.350612
0.598000 0.350117
0.599000 0.349626
0.600000 0.349141
0.601000 0.348661
0.602000 0.348186
0.603000 0.347716
0.604000 0.347252
0.605000 0.346792
0.606000 0.346337
0.607000 0.345888
0.608000 0.345443
0.609000 0.345003
0.610000 0.344569
0.611000 0.344139
0.612000 0.343714
0.613000 0.343294
0.614000 0.342879
0.615000 0.342468
0.616000 0.342063
0.617000 0.341662
0.618000 0.341266
0.619000 0.340875
0.620000 0.340488
0.621000 0.340106
0.622000 0.339729
0.623000 0.339356
0.624000 0.338988
0.625000 0.338624
0.626000 0.338265
0.627000 0.337910
0.628000 0.337560
0.629000 0.337214
0.630000 0.336873
0.631000 0.336535
0.632000 0.336203
0.633000 0.335874
0.634000 0.335550
0.635000 0.335230
0.636000 0.334914
0.637000 0.334602
0.638000 0.334294
0.639000 0.333990
0.640000 0.333691
0.641000 0.333395
0.642000 0.333103
0.643000 0.332815
0.644000 0.332531
0.645000 0.332251
0.646000 0.331975
0.647000 0.331702
0.648000 0.331433
0.649000 0.331167
0.650000 0.330906
0.651000 0.330647
0.652000 0.330393
0.653000 0.330141
0.654000 0.329894
0.655000 0.329649
0.656000 0.329408
0.657000 0.329170
0.658000 0.328935
0.659000 0.328704
0.660000 0.328476
0.661000 0.328250
0.662000 0.328028
0.663000 0.327809
0.664000 0.327592
0.665000 0.327379
0.666000 0.327168
0.667000 0.326960
0.668000 0.326755
0.669000 0.326553
0.670000 0.326353
0.671000 0.326155
0.672000 0.325961
0.673000 0.325768
0.674000 0.325578
0.675000 0.325390
0.676000 0.325205
0.677000 0.325022
0.678000 0.324840
0.679000 0.324661
0.680000 0.324484
0.681000 0.324309
0.682000 0.324136
0.683000 0.323965
0.684000 0.323795
0.685000 0.323627
0.686000 0.323461
0.687000 0.323296
0.688000 0.323133
0.689000 0.322971
0.690000 0.322811
0.691000 0.322652
0.692000 0.322494
0.693000 0.322337
0.694000 0.322181
0.695000 0.322027
0.696000 0.321873
0.697000 0.321720
0.698000 0.321568
0.699000 0.321417
0.700000 0.321266
0.701000 0.321116
0.702000 0.320967
0.703000 0.320818
0.704000 0.320669
0.705000 0.320521
0.706000 0.320372
0.707000 0.320224
0.708000 0.320076
0.709000 0.319928
0.710000 0.319780
0.711000 0.319631
0.712000 0.319483
0.713000 0.319333
0.714000 0.319184
0.715000 0.319034
0.716000 0.318883
0.717000 0.318732
0.718000 0.318579
0.719000 0.318426
0.720000 0.318272
0.721000 0.318117
0.722000 0.317961
0.723000 0.317803
0.724000 0.317644
0.725000 0.317484
0.726000 0.317322
0.727000 0.317159
0.728000 0.316993
0.729000 0.316826
0.730000 0.316658
0.731000 0.316487
0.732000 0.316314
0.733000 0.316139
0.734000 0.315962
0.735000 0.315782
0.736000 0.315600
0.737000 0.315415
0.738000 0.315227
0.739000 0.315037
0.740000 0.314844
0.741000 0.314648
0.742000 0.314449
0.743000 0.314246
0.744000 0.314040
0.745000 0.313831
0.746000 0.313619
0.747000 0.313402
0.748000 0.313182
0.749000 0.312959
0.750000 0.312731
0.751000 0.312499
0.752000 0.312263
0.753000 0.312022
0.754000 0.311778
0.755000 0.311528
0.756000 0.311275
0.757000 0.311016
0.758000 0.310752
0.759000 0.310484
0.760000 0.310210
0.761000 0.309931
0.762000 0.309647
0.763000 0.309358
0.764000 0.309062
0.765000 0.308761
0.766000 0.308455
0.767000 0.308142
0.768000 0.307823
0.769000 0.307498
0.770000 0.307167
0.771000 0.306829
0.772000 0.306484
0.773000 0.306133
0.774000 0.305775
0.775000 0.305410
0.776000 0.305038
0.777000 0.304659
0.778000 0.304272
0.779000 0.303878
0.780000 0.303476
0.781000 0.303066
0.782000 0.302649
0.783000 0.302223
0.784000 0.301789
0.785000 0.301347
0.786000 0.300897
0.787000 0.300437
0.788000 0.299969
0.789000 0.299492
0.790000 0.299006
0.791000 0.298511
0.792000 0.298006
0.793000 0.297492
0.794000 0.296969
0.795000 0.296435
0.796000 0.295892
0.797000 0.295338
0.798000 0.294774
0.799000 0.294200
0.800000 0.293616
0.801000 0.293020
0.802000 0.292414
0.803000 0.291797
0.804000 0.291168
0.805000 0.290529
0.806000 0.289877
0.807000 0.289215
0.808000 0.288540
0.809000 0.287853
0.810000 0.287154
0.811000 0.286443
0.812000 0.285720
0.813000 0.284984
0.814000 0.284235
0.815000 0.283473
0.816000 0.282698
0.817000 0.281910
0.818000 0.281108
0.819000 0.280292
0.820000 0.279463
0.821000 0.278620
0.822000 0.277763
0.823000 0.276891
0.824000 0.276005
0.825000 0.275104
0.826000 0.274188
0.827000 0.273257
0.828000 0.272311
0.829000 0.271350
0.830000 0.270373
0.831000 0.269380
0.832000 0.268371
0.833000 0.267347
0.834000 0.266305
0.835000 0.265248
0.836000 0.264173
0.837000 0.263082
0.838000 0.261974
0.839000 0.260848
0.840000 0.259705
0.841000 0.258544
0.842000 0.257365
0.843000 0.256169
0.844000 0.254954
0.845000 0.253721
0.846000 0.252469
0.847000 0.251198
0.848000 0.249908
0.849000 0.248599
0.850000 0.247270
0.851000 0.245922
0.852000 0.244554
0.853000 0.243166
0.854000 0.241757
0.855000 0.240328
0.856000 0.238879
0.857000 0.237408
0.858000 0.235917
0.859000 0.234404
0.860000 0.232869
0.861000 0.231313
0.862000 0.229735
0.863000 0.228135
0.864000 0.226512
0.865000 0.224867
0.866000 0.223198
0.867000 0.221507
0.868000 0.219793
0.869000 0.218055
0.870000 0.216293
0.871000 0.214507
0.872000 0.212697
0.873000 0.210863
0.874000 0.209004
0.875000 0.207120
0.876000 0.205211
0.877000 0.203277
0.878000 0.201317
0.879000 0.199331
0.880000 0.197319
0.881000 0.195281
0.882000 0.193217
0.883000 0.191126
0.884000 0.189007
0.885000 0.186862
0.886000 0.184689
0.887000 0.182488
0.888000 0.180259
0.889000 0.178002
0.890000 0.175717
0.891000 0.173403
0.892000 0.171060
0.893000 0.168687
0.894000 0.166286
0.895000 0.163854
0.896000 0.161393
0.897000 0.158901
0.898000 0.156379
0.899000 0.153826
0.900000 0.151242
0.901000 0.148626
0.902000 0.145980
0.903000 0.143301
0.904000 0.140590
0.905000 0.137847
0.906000 0.135072
0.907000 0.132263
0.908000 0.129422
0.909000 0.126547
0.910000 0.123638
0.911000 0.120695
0.912000 0.117718
0.913000 0.114707
0.914000 0.111661
0.915000 0.108580
0.916000 0.105463
0.917000 0.102311
0.918000 0.099123
0.919000 0.095898
0.920000 0.092638
0.921000 0.089340
0.922000 0.086006
0.923000 0.082634
0.924000 0.079224
0.925000 0.075777
0.926000 0.072291
0.927000 0.068767
0.928000 0.065204
0.929000 0.061602
0.930000 0.057961
0.931000 0.054280
0.932000 0.050559
0.933000 0.046797
0.934000 0.042995
0.935000 0.039152
0.936000 0.035268
0.937000 0.031343
0.938000 0.027375
0.939000 0.023366
0.940000 0.019314
0.941000 0.015219
0.942000 0.011081
0.943000 0.006900
0.944000 0.002675
0.945000 -0.001593
0.946000 -0.005907
0.947000 -0.010264
0.948000 -0.014667
0.949000 -0.019115
0.950000 -0.023609
0.951000 -0.028149
0.952000 -0.032735
0.953000 -0.037367
0.954000 -0.042047
0.955000 -0.046774
0.956000 -0.051548
0.957000 -0.056370
0.958000 -0.061241
0.959000 -0.066160
0.960000 -0.071128
0.961000 -0.076146
0.962000 -0.081213
0.963000 -0.086330
0.964000 -0.091497
0.965000 -0.096715
0.966000 -0.101984
0.967000 -0.107304
0.968000 -0.112676
0.969000 -0.118100
0.970000 -0.123577
0.971000 -0.129106
0.972000 -0.134689
0.973000 -0.140324
0.974000 -0.146014
0.975000 -0.151758
0.976000 -0.157556
0.977000 -0.163410
0.978000 -0.169318
0.979000 -0.175283
0.980000 -0.181303
0.981000 -0.187379
0.982000 -0.193513
0.983000 -0.199703
0.984000 -0.205951
0.985000 -0.212257
0.986000 -0.218621
0.987000 -0.225044
0.988000 -0.231526
0.989000 -0.238067
0.990000 -0.244668
0.991000 -0.251329
0.992000 -0.258051
0.993000 -0.264833
0.994000 -0.271677
0.995000 -0.278583
0.996000 -0.285550
0.997000 -0.292580
0.998000 -0.299673
0.999000 -0.306829
