cooo
0 5.23e-05
1 4.35e-05
2 4.32e-05
3 4.14e-05
4 4.38e-05
5 4.23e-05
6 4.15e-05
7 4.39e-05
8 4.38e-05
9 4.3e-05
10 4.18e-05
11 4.41e-05
12 4.27e-05
13 4.34e-05
14 4.2e-05
15 4.17e-05
16 4e-05
17 4.76e-05
18 4.16e-05
19 4.73e-05
20 4.1e-05
21 4.86e-05
22 4.09e-05
23 4.67e-05
24 6.11e-05
25 4.73e-05
26 3.94e-05
27 4.85e-05
28 4.17e-05
29 4.13e-05
30 4.31e-05
31 3.97e-05
32 4.12e-05
33 3.96e-05
34 3.93e-05
35 3.97e-05
36 3.87e-05
37 4.04e-05
38 3.83e-05
39 4.21e-05
40 4.14e-05
41 3.95e-05
42 4.13e-05
43 4.32e-05
44 4.08e-05
45 4.22e-05
46 4.47e-05
47 4.1e-05
48 4.38e-05
49 4.01e-05
50 4.33e-05
51 4.28e-05
52 4.23e-05
53 4.13e-05
54 4.33e-05
55 4.41e-05
56 5.41e-05
57 4.29e-05
58 4.22e-05
59 4.09e-05
60 4.75e-05
61 3.8e-05
62 4.76e-05
63 6.09e-05
64 4.72e-05
65 4.12e-05
66 4.61e-05
67 3.89e-05
68 4.58e-05
69 4.06e-05
70 4.72e-05
71 3.94e-05
72 4e-05
73 4.37e-05
74 4.03e-05
75 4.03e-05
76 3.84e-05
77 4.01e-05
78 3.84e-05
79 3.85e-05
80 4.19e-05
81 3.84e-05
82 4.17e-05
83 4.24e-05
84 4.15e-05
85 3.95e-05
86 4.47e-05
87 4.29e-05
88 4.43e-05
89 4.37e-05
90 4.11e-05
91 4.34e-05
92 4.06e-05
93 4.38e-05
94 3.89e-05
95 4.18e-05
96 4.32e-05
97 5.05e-05
98 4.51e-05
99 4.07e-05
100 4.09e-05
101 4.28e-05
102 4.17e-05
103 5.09e-05
104 3.8e-05
105 4.82e-05
106 4.09e-05
107 4.7e-05
108 4.46e-05
109 4.77e-05
110 3.89e-05
111 4.41e-05
112 4.12e-05
113 4.18e-05
114 4.32e-05
115 4.13e-05
116 4.23e-05
117 3.99e-05
118 4.15e-05
119 3.95e-05
120 4.11e-05
121 4.11e-05
122 4.39e-05
123 4e-05
124 4.02e-05
125 4.18e-05
126 3.99e-05
127 4.3e-05
128 4.2e-05
129 4.48e-05
130 4.11e-05
131 4.2e-05
132 5.66e-05
133 4.19e-05
134 4.28e-05
135 4.26e-05
136 4.27e-05
137 4.2e-05
138 6.87e-05
139 4.41e-05
140 4.34e-05
141 4.4e-05
142 4.14e-05
143 4.26e-05
144 4.18e-05
145 3.96e-05
146 5.04e-05
147 3.86e-05
148 4.7e-05
149 4.22e-05
150 4.74e-05
151 4.17e-05
152 4.41e-05
153 4.33e-05
154 4.41e-05
155 4.12e-05
156 4.19e-05
157 4.34e-05
158 3.81e-05
159 4.29e-05
160 4.07e-05
161 3.87e-05
162 3.82e-05
163 4.01e-05
164 3.9e-05
165 3.82e-05
166 4.02e-05
167 3.98e-05
168 3.86e-05
169 4e-05
170 4.25e-05
171 4.12e-05
172 4.54e-05
173 4.4e-05
174 4.25e-05
175 4.48e-05
176 4.51e-05
177 4.21e-05
178 4.13e-05
179 4.24e-05
180 4.19e-05
181 4.27e-05
182 4.25e-05
183 4.21e-05
184 4.47e-05
185 4.22e-05
186 4.34e-05
187 4.31e-05
188 4.78e-05
189 4.85e-05
190 3.67e-05
191 4.79e-05
192 4.08e-05
193 4.66e-05
194 4.27e-05
195 4.73e-05
196 4.2e-05
197 4.69e-05
198 4.06e-05
199 3.86e-05
200 4.32e-05
201 4.13e-05
202 4.59e-05
203 5.93e-05
204 4.08e-05
205 3.96e-05
206 3.8e-05
207 3.99e-05
208 4.4e-05
209 3.99e-05
210 4.2e-05
211 4.13e-05
212 3.91e-05
213 4.14e-05
214 4.12e-05
215 4.24e-05
216 4.39e-05
217 3.99e-05
218 4.43e-05
219 4.13e-05
220 4.46e-05
221 4.44e-05
222 4.26e-05
223 4.43e-05
224 4.89e-05
225 4.37e-05
226 4.3e-05
227 4.54e-05
228 4.45e-05
229 3.95e-05
230 4.74e-05
231 3.87e-05
232 4.57e-05
233 4.04e-05
234 4.64e-05
235 5.25e-05
236 4.76e-05
237 4.17e-05
238 4.55e-05
239 4.09e-05
240 4.39e-05
241 3.94e-05
242 4.05e-05
243 6.26e-05
244 3.83e-05
245 4.01e-05
246 3.88e-05
247 4.05e-05
248 3.89e-05
249 4.13e-05
250 4.01e-05
251 3.9e-05
252 4.19e-05
253 4e-05
254 4e-05
255 4.26e-05
256 3.81e-05
257 4.45e-05
258 4.55e-05
259 4.81e-05
260 4.36e-05
261 4.44e-05
262 4.17e-05
263 4.35e-05
264 4.22e-05
265 4.47e-05
266 4e-05
267 5.72e-05
268 4.42e-05
269 4.31e-05
270 4.05e-05
271 4.44e-05
272 3.88e-05
273 4.84e-05
274 4.02e-05
275 4.57e-05
276 4.13e-05
277 4.69e-05
278 4.28e-05
279 4.59e-05
280 4.11e-05
281 4.55e-05
282 4.19e-05
283 4.83e-05
284 4.07e-05
285 3.92e-05
286 4.18e-05
287 4.01e-05
288 4.1e-05
289 3.92e-05
290 4.07e-05
291 3.87e-05
292 3.9e-05
293 4.11e-05
294 3.91e-05
295 4.06e-05
296 4.02e-05
297 3.99e-05
298 4.05e-05
299 4.15e-05
300 4.15e-05
301 4.34e-05
302 4.66e-05
303 4.21e-05
304 4.34e-05
305 4.15e-05
306 4.28e-05
307 5.61e-05
308 4.27e-05
309 4.09e-05
310 4.6e-05
311 4.19e-05
312 4.19e-05
313 4.26e-05
314 4.23e-05
315 4.43e-05
316 4.77e-05
317 3.94e-05
318 4.83e-05
319 4.12e-05
320 4.69e-05
321 4.26e-05
322 4.88e-05
323 4.18e-05
324 4.47e-05
325 4.14e-05
326 4.62e-05
327 4.16e-05
328 4.1e-05
329 4.43e-05
330 3.86e-05
331 4.32e-05
332 3.95e-05
333 4.05e-05
334 3.98e-05
335 3.99e-05
336 4.07e-05
337 4.06e-05
338 4.15e-05
339 4.09e-05
340 3.85e-05
341 4.07e-05
342 4.28e-05
343 4.19e-05
344 4.25e-05
345 4.37e-05
346 4.19e-05
347 5.48e-05
348 4.16e-05
349 4.38e-05
350 5.43e-05
351 4.15e-05
352 4.29e-05
353 4.11e-05
354 4.37e-05
355 4.27e-05
356 4.43e-05
357 4.67e-05
358 4.03e-05
359 4.76e-05
360 4.32e-05
361 4.73e-05
362 3.86e-05
363 4.76e-05
364 4.04e-05
365 4.89e-05
366 4.07e-05
367 4.49e-05
368 4.26e-05
369 4.08e-05
370 4.24e-05
371 3.97e-05
372 4.21e-05
373 4.13e-05
374 3.99e-05
375 3.73e-05
376 4.35e-05
377 3.93e-05
378 3.92e-05
379 4.04e-05
380 4.04e-05
381 3.83e-05
382 4.28e-05
383 5.76e-05
384 3.98e-05
385 4.63e-05
386 4.14e-05
387 5.31e-05
388 4.42e-05
389 4.35e-05
390 4.83e-05
391 4.36e-05
392 4.2e-05
393 3.97e-05
394 4.19e-05
395 4.65e-05
396 4.22e-05
397 4.15e-05
398 4.34e-05
399 4.22e-05
400 4.21e-05
401 3.92e-05
402 4.77e-05
403 3.81e-05
404 4.78e-05
405 4.15e-05
406 4.62e-05
407 4.06e-05
408 4.55e-05
409 4.07e-05
410 4.59e-05
411 3.97e-05
412 4.09e-05
413 4.33e-05
414 3.79e-05
415 4.05e-05
416 3.86e-05
417 3.99e-05
418 4.04e-05
419 6.22e-05
420 4.21e-05
421 3.95e-05
422 5.54e-05
423 4.16e-05
424 3.85e-05
425 4.02e-05
426 4.09e-05
427 4.28e-05
428 4.32e-05
429 4.34e-05
430 4.31e-05
431 4.42e-05
432 4.34e-05
433 4.26e-05
434 3.97e-05
435 4.32e-05
436 4.07e-05
437 4.02e-05
438 4.38e-05
439 4.38e-05
440 4.33e-05
441 4.3e-05
442 4.35e-05
443 4.25e-05
444 4.11e-05
445 4.8e-05
446 3.91e-05
447 4.58e-05
448 3.86e-05
449 5.03e-05
450 4.12e-05
451 4.62e-05
452 4.06e-05
453 4.75e-05
454 4.01e-05
455 4.31e-05
456 4.52e-05
457 4.07e-05
458 4.29e-05
459 4.07e-05
460 4.19e-05
461 3.85e-05
462 4.11e-05
463 4.01e-05
464 3.86e-05
465 3.95e-05
466 4.39e-05
467 4.08e-05
468 3.96e-05
469 4.4e-05
470 4.36e-05
471 4.09e-05
472 4.2e-05
473 3.96e-05
474 4.23e-05
475 5.45e-05
476 4.27e-05
477 3.94e-05
478 4.5e-05
479 4.59e-05
480 4.21e-05
481 4.41e-05
482 4.46e-05
483 4.18e-05
484 4.27e-05
485 4.15e-05
486 4.82e-05
487 3.77e-05
488 5.04e-05
489 3.94e-05
490 4.59e-05
491 4.13e-05
492 4.72e-05
493 4.31e-05
494 6.75e-05
495 4.07e-05
496 4.65e-05
497 4.56e-05
498 4.11e-05
499 3.76e-05
