-1.000000 1.101813
-0.999000 1.115297
-0.998000 1.128728
-0.997000 1.142105
-0.996000 1.155428
-0.995000 1.168697
-0.994000 1.181914
-0.993000 1.195076
-0.992000 1.208186
-0.991000 1.221243
-0.990000 1.234246
-0.989000 1.247197
-0.988000 1.260095
-0.987000 1.272940
-0.986000 1.285732
-0.985000 1.298473
-0.984000 1.311161
-0.983000 1.323796
-0.982000 1.336380
-0.981000 1.348912
-0.980000 1.361391
-0.979000 1.373819
-0.978000 1.386196
-0.977000 1.398520
-0.976000 1.410794
-0.975000 1.423016
-0.974000 1.435186
-0.973000 1.447306
-0.972000 1.459375
-0.971000 1.471392
-0.970000 1.483359
-0.969000 1.495276
-0.968000 1.507141
-0.967000 1.518957
-0.966000 1.530722
-0.965000 1.542436
-0.964000 1.554101
-0.963000 1.565715
-0.962000 1.577280
-0.961000 1.588795
-0.960000 1.600260
-0.959000 1.611675
-0.958000 1.623041
-0.957000 1.634358
-0.956000 1.645625
-0.955000 1.656844
-0.954000 1.668013
-0.953000 1.679133
-0.952000 1.690204
-0.951000 1.701227
-0.950000 1.712201
-0.949000 1.723126
-0.948000 1.734003
-0.947000 1.744832
-0.946000 1.755612
-0.945000 1.766345
-0.944000 1.777029
-0.943000 1.787666
-0.942000 1.798254
-0.941000 1.808795
-0.940000 1.819289
-0.939000 1.829735
-0.938000 1.840133
-0.937000 1.850485
-0.936000 1.860789
-0.935000 1.871046
-0.934000 1.881256
-0.933000 1.891419
-0.932000 1.901536
-0.931000 1.911606
-0.930000 1.921629
-0.929000 1.931606
-0.928000 1.941537
-0.927000 1.951421
-0.926000 1.961259
-0.925000 1.971051
-0.924000 1.980798
-0.923000 1.990498
-0.922000 2.000153
-0.921000 2.009762
-0.920000 2.019325
-0.919000 2.028844
-0.918000 2.038316
-0.917000 2.047744
-0.916000 2.057126
-0.915000 2.066464
-0.914000 2.075757
-0.913000 2.085004
-0.912000 2.094207
-0.911000 2.103366
-0.910000 2.112480
-0.909000 2.121549
-0.908000 2.130575
-0.907000 2.139556
-0.906000 2.148492
-0.905000 2.157385
-0.904000 2.166234
-0.903000 2.175040
-0.902000 2.183801
-0.901000 2.192519
-0.900000 2.201193
-0.899000 2.209824
-0.898000 2.218412
-0.897000 2.226956
-0.896000 2.235457
-0.895000 2.243916
-0.894000 2.252331
-0.893000 2.260703
-0.892000 2.269033
-0.891000 2.277320
-0.890000 2.285565
-0.889000 2.293767
-0.888000 2.301927
-0.887000 2.310045
-0.886000 2.318120
-0.885000 2.326153
-0.884000 2.334145
-0.883000 2.342095
-0.882000 2.350002
-0.881000 2.357869
-0.880000 2.365693
-0.879000 2.373476
-0.878000 2.381218
-0.877000 2.388919
-0.876000 2.396578
-0.875000 2.404196
-0.874000 2.411773
-0.873000 2.419310
-0.872000 2.426805
-0.871000 2.434260
-0.870000 2.441674
-0.869000 2.449048
-0.868000 2.456381
-0.867000 2.463674
-0.866000 2.470927
-0.865000 2.478140
-0.864000 2.485312
-0.863000 2.492445
-0.862000 2.499538
-0.861000 2.506591
-0.860000 2.513604
-0.859000 2.520578
-0.858000 2.527512
-0.857000 2.534407
-0.856000 2.541262
-0.855000 2.548079
-0.854000 2.554856
-0.853000 2.561594
-0.852000 2.568293
-0.851000 2.574954
-0.850000 2.581575
-0.849000 2.588158
-0.848000 2.594703
-0.847000 2.601209
-0.846000 2.607676
-0.845000 2.614106
-0.844000 2.620497
-0.843000 2.626850
-0.842000 2.633165
-0.841000 2.639442
-0.840000 2.645681
-0.839000 2.651883
-0.838000 2.658046
-0.837000 2.664173
-0.836000 2.670262
-0.835000 2.676313
-0.834000 2.682327
-0.833000 2.688304
-0.832000 2.694244
-0.831000 2.700147
-0.830000 2.706012
-0.829000 2.711842
-0.828000 2.717634
-0.827000 2.723389
-0.826000 2.729108
-0.825000 2.734791
-0.824000 2.740437
-0.823000 2.746047
-0.822000 2.751620
-0.821000 2.757158
-0.820000 2.762659
-0.819000 2.768124
-0.818000 2.773554
-0.817000 2.778948
-0.816000 2.784306
-0.815000 2.789628
-0.814000 2.794915
-0.813000 2.800167
-0.812000 2.805383
-0.811000 2.810563
-0.810000 2.815709
-0.809000 2.820820
-0.808000 2.825895
-0.807000 2.830936
-0.806000 2.835942
-0.805000 2.840913
-0.804000 2.845849
-0.803000 2.850751
-0.802000 2.855618
-0.801000 2.860451
-0.800000 2.865250
-0.799000 2.870014
-0.798000 2.874744
-0.797000 2.879440
-0.796000 2.884103
-0.795000 2.888731
-0.794000 2.893325
-0.793000 2.897886
-0.792000 2.902413
-0.791000 2.906907
-0.790000 2.911367
-0.789000 2.915793
-0.788000 2.920187
-0.787000 2.924547
-0.786000 2.928874
-0.785000 2.933168
-0.784000 2.937429
-0.783000 2.941657
-0.782000 2.945852
-0.781000 2.950014
-0.780000 2.954144
-0.779000 2.958241
-0.778000 2.962306
-0.777000 2.966339
-0.776000 2.970339
-0.775000 2.974307
-0.774000 2.978242
-0.773000 2.982146
-0.772000 2.986018
-0.771000 2.989857
-0.770000 2.993665
-0.769000 2.997442
-0.768000 3.001186
-0.767000 3.004899
-0.766000 3.008580
-0.765000 3.012230
-0.764000 3.015849
-0.763000 3.019436
-0.762000 3.022993
-0.761000 3.026518
-0.760000 3.030012
-0.759000 3.033475
-0.758000 3.036907
-0.757000 3.040309
-0.756000 3.043680
-0.755000 3.047020
-0.754000 3.050330
-0.753000 3.053609
-0.752000 3.056857
-0.751000 3.060076
-0.750000 3.063264
-0.749000 3.066422
-0.748000 3.069550
-0.747000 3.072648
-0.746000 3.075717
-0.745000 3.078755
-0.744000 3.081763
-0.743000 3.084742
-0.742000 3.087692
-0.741000 3.090611
-0.740000 3.093502
-0.739000 3.096363
-0.738000 3.099194
-0.737000 3.101997
-0.736000 3.104770
-0.735000 3.107514
-0.734000 3.110229
-0.733000 3.112916
-0.732000 3.115573
-0.731000 3.118202
-0.730000 3.120802
-0.729000 3.123373
-0.728000 3.125916
-0.727000 3.128431
-0.726000 3.130917
-0.725000 3.133375
-0.724000 3.135804
-0.723000 3.138206
-0.722000 3.140579
-0.721000 3.142924
-0.720000 3.145242
-0.719000 3.147531
-0.718000 3.149793
-0.717000 3.152027
-0.716000 3.154234
-0.715000 3.156412
-0.714000 3.158564
-0.713000 3.160688
-0.712000 3.162785
-0.711000 3.164854
-0.710000 3.166896
-0.709000 3.168911
-0.708000 3.170900
-0.707000 3.172861
-0.706000 3.174795
-0.705000 3.176702
-0.704000 3.178583
-0.703000 3.180437
-0.702000 3.182265
-0.701000 3.184065
-0.700000 3.185840
-0.699000 3.187588
-0.698000 3.189310
-0.697000 3.191005
-0.696000 3.192675
-0.695000 3.194318
-0.694000 3.195935
-0.693000 3.197526
-0.692000 3.199092
-0.691000 3.200632
-0.690000 3.202145
-0.689000 3.203634
-0.688000 3.205096
-0.687000 3.206533
-0.686000 3.207945
-0.685000 3.209331
-0.684000 3.210692
-0.683000 3.212028
-0.682000 3.213339
-0.681000 3.214624
-0.680000 3.215884
-0.679000 3.217120
-0.678000 3.218330
-0.677000 3.219516
-0.676000 3.220677
-0.675000 3.221814
-0.674000 3.222925
-0.673000 3.224012
-0.672000 3.225075
-0.671000 3.226113
-0.670000 3.227127
-0.669000 3.228117
-0.668000 3.229083
-0.667000 3.230024
-0.666000 3.230941
-0.665000 3.231835
-0.664000 3.232704
-0.663000 3.233549
-0.662000 3.234371
-0.661000 3.235169
-0.660000 3.235944
-0.659000 3.236694
-0.658000 3.237422
-0.657000 3.238125
-0.656000 3.238806
-0.655000 3.239463
-0.654000 3.240097
-0.653000 3.240707
-0.652000 3.241295
-0.651000 3.241859
-0.650000 3.242401
-0.649000 3.242920
-0.648000 3.243415
-0.647000 3.243888
-0.646000 3.244338
-0.645000 3.244766
-0.644000 3.245171
-0.643000 3.245554
-0.642000 3.245914
-0.641000 3.246251
-0.640000 3.246566
-0.639000 3.246859
-0.638000 3.247130
-0.637000 3.247379
-0.636000 3.247606
-0.635000 3.247810
-0.634000 3.247993
-0.633000 3.248154
-0.632000 3.248293
-0.631000 3.248410
-0.630000 3.248506
-0.629000 3.248580
-0.628000 3.248632
-0.627000 3.248663
-0.626000 3.248672
-0.625000 3.248661
-0.624000 3.248627
-0.623000 3.248573
-0.622000 3.248497
-0.621000 3.248401
-0.620000 3.248283
-0.619000 3.248144
-0.618000 3.247985
-0.617000 3.247804
-0.616000 3.247603
-0.615000 3.247381
-0.614000 3.247138
-0.613000 3.246875
-0.612000 3.246591
-0.611000 3.246287
-0.610000 3.245962
-0.609000 3.245617
-0.608000 3.245251
-0.607000 3.244866
-0.606000 3.244460
-0.605000 3.244034
-0.604000 3.243588
-0.603000 3.243122
-0.602000 3.242636
-0.601000 3.242130
-0.600000 3.241605
-0.599000 3.241059
-0.598000 3.240494
-0.597000 3.239909
-0.596000 3.239305
-0.595000 3.238681
-0.594000 3.238038
-0.593000 3.237376
-0.592000 3.236694
-0.591000 3.235992
-0.590000 3.235272
-0.589000 3.234532
-0.588000 3.233774
-0.587000 3.232996
-0.586000 3.232199
-0.585000 3.231384
-0.584000 3.230549
-0.583000 3.229696
-0.582000 3.228824
-0.581000 3.227933
-0.580000 3.227024
-0.579000 3.226096
-0.578000 3.225150
-0.577000 3.224185
-0.576000 3.223202
-0.575000 3.222200
-0.574000 3.221181
-0.573000 3.220143
-0.572000 3.219086
-0.571000 3.218012
-0.570000 3.216920
-0.569000 3.215810
-0.568000 3.214681
-0.567000 3.213535
-0.566000 3.212371
-0.565000 3.211190
-0.564000 3.209990
-0.563000 3.208773
-0.562000 3.207538
-0.561000 3.206286
-0.560000 3.205017
-0.559000 3.203730
-0.558000 3.202425
-0.557000 3.201103
-0.556000 3.199764
-0.555000 3.198408
-0.554000 3.197035
-0.553000 3.195645
-0.552000 3.194237
-0.551000 3.192813
-0.550000 3.191371
-0.549000 3.189913
-0.548000 3.188438
-0.547000 3.186946
-0.546000 3.185438
-0.545000 3.183913
-0.544000 3.182371
-0.543000 3.180813
-0.542000 3.179238
-0.541000 3.177647
-0.540000 3.176039
-0.539000 3.174415
-0.538000 3.172775
-0.537000 3.171119
-0.536000 3.169446
-0.535000 3.167758
-0.534000 3.166053
-0.533000 3.164332
-0.532000 3.162596
-0.531000 3.160843
-0.530000 3.159075
-0.529000 3.157291
-0.528000 3.155491
-0.527000 3.153675
-0.526000 3.151844
-0.525000 3.149997
-0.524000 3.148135
-0.523000 3.146257
-0.522000 3.144364
-0.521000 3.142455
-0.520000 3.140532
-0.519000 3.138592
-0.518000 3.136638
-0.517000 3.134668
-0.516000 3.132684
-0.515000 3.130684
-0.514000 3.128669
-0.513000 3.126640
-0.512000 3.124595
-0.511000 3.122536
-0.510000 3.120462
-0.509000 3.118373
-0.508000 3.116269
-0.507000 3.114151
-0.506000 3.112018
-0.505000 3.109870
-0.504000 3.107708
-0.503000 3.105532
-0.502000 3.103341
-0.501000 3.101136
-0.500000 3.098916
-0.499000 3.096683
-0.498000 3.094435
-0.497000 3.092173
-0.496000 3.089896
-0.495000 3.087606
-0.494000 3.085302
-0.493000 3.082984
-0.492000 3.080652
-0.491000 3.078306
-0.490000 3.075946
-0.489000 3.073572
-0.488000 3.071185
-0.487000 3.068784
-0.486000 3.066370
-0.485000 3.063942
-0.484000 3.061500
-0.483000 3.059045
-0.482000 3.056576
-0.481000 3.054095
-0.480000 3.051599
-0.479000 3.049091
-0.478000 3.046569
-0.477000 3.044034
-0.476000 3.041486
-0.475000 3.038925
-0.474000 3.036351
-0.473000 3.033764
-0.472000 3.031164
-0.471000 3.028551
-0.470000 3.025925
-0.469000 3.023286
-0.468000 3.020635
-0.467000 3.017971
-0.466000 3.015294
-0.465000 3.012605
-0.464000 3.009903
-0.463000 3.007188
-0.462000 3.004461
-0.461000 3.001722
-0.460000 2.998970
-0.459000 2.996206
-0.458000 2.993430
-0.457000 2.990641
-0.456000 2.987840
-0.455000 2.985027
-0.454000 2.982202
-0.453000 2.979365
-0.452000 2.976515
-0.451000 2.973654
-0.450000 2.970781
-0.449000 2.967896
-0.448000 2.964999
-0.447000 2.962090
-0.446000 2.959170
-0.445000 2.956237
-0.444000 2.953294
-0.443000 2.950338
-0.442000 2.947371
-0.441000 2.944392
-0.440000 2.941402
-0.439000 2.938401
-0.438000 2.935388
-0.437000 2.932363
-0.436000 2.929328
-0.435000 2.926281
-0.434000 2.923223
-0.433000 2.920153
-0.432000 2.917073
-0.431000 2.913981
-0.430000 2.910879
-0.429000 2.907765
-0.428000 2.904640
-0.427000 2.901505
-0.426000 2.898358
-0.425000 2.895201
-0.424000 2.892033
-0.423000 2.888854
-0.422000 2.885664
-0.421000 2.882464
-0.420000 2.879253
-0.419000 2.876032
-0.418000 2.872800
-0.417000 2.869557
-0.416000 2.866304
-0.415000 2.863040
-0.414000 2.859767
-0.413000 2.856482
-0.412000 2.853188
-0.411000 2.849883
-0.410000 2.846568
-0.409000 2.843243
-0.408000 2.839908
-0.407000 2.836562
-0.406000 2.833207
-0.405000 2.829841
-0.404000 2.826466
-0.403000 2.823080
-0.402000 2.819685
-0.401000 2.816280
-0.400000 2.812865
-0.399000 2.809440
-0.398000 2.806006
-0.397000 2.802562
-0.396000 2.799108
-0.395000 2.795644
-0.394000 2.792171
-0.393000 2.788689
-0.392000 2.785197
-0.391000 2.781695
-0.390000 2.778184
-0.389000 2.774664
-0.388000 2.771134
-0.387000 2.767595
-0.386000 2.764047
-0.385000 2.760489
-0.384000 2.756923
-0.383000 2.753347
-0.382000 2.749762
-0.381000 2.746168
-0.380000 2.742565
-0.379000 2.738953
-0.378000 2.735332
-0.377000 2.731702
-0.376000 2.728063
-0.375000 2.724416
-0.374000 2.720759
-0.373000 2.717094
-0.372000 2.713420
-0.371000 2.709737
-0.370000 2.706046
-0.369000 2.702346
-0.368000 2.698638
-0.367000 2.694921
-0.366000 2.691195
-0.365000 2.687461
-0.364000 2.683719
-0.363000 2.679968
-0.362000 2.676209
-0.361000 2.672441
-0.360000 2.668665
-0.359000 2.664881
-0.358000 2.661089
-0.357000 2.657288
-0.356000 2.653480
-0.355000 2.649663
-0.354000 2.645838
-0.353000 2.642006
-0.352000 2.638165
-0.351000 2.634316
-0.350000 2.630459
-0.349000 2.626595
-0.348000 2.622722
-0.347000 2.618842
-0.346000 2.614954
-0.345000 2.611058
-0.344000 2.607155
-0.343000 2.603243
-0.342000 2.599325
-0.341000 2.595398
-0.340000 2.591464
-0.339000 2.587523
-0.338000 2.583574
-0.337000 2.579617
-0.336000 2.575653
-0.335000 2.571682
-0.334000 2.567703
-0.333000 2.563717
-0.332000 2.559723
-0.331000 2.555723
-0.330000 2.551715
-0.329000 2.547700
-0.328000 2.543677
-0.327000 2.539648
-0.326000 2.535612
-0.325000 2.531568
-0.324000 2.527517
-0.323000 2.523460
-0.322000 2.519395
-0.321000 2.515324
-0.320000 2.511245
-0.319000 2.507160
-0.318000 2.503068
-0.317000 2.498969
-0.316000 2.494864
-0.315000 2.490751
-0.314000 2.486632
-0.313000 2.482506
-0.312000 2.478374
-0.311000 2.474235
-0.310000 2.470089
-0.309000 2.465937
-0.308000 2.461779
-0.307000 2.457614
-0.306000 2.453442
-0.305000 2.449264
-0.304000 2.445080
-0.303000 2.440889
-0.302000 2.436692
-0.301000 2.432489
-0.300000 2.428279
-0.299000 2.424064
-0.298000 2.419842
-0.297000 2.415613
-0.296000 2.411379
-0.295000 2.407139
-0.294000 2.402892
-0.293000 2.398640
-0.292000 2.394382
-0.291000 2.390117
-0.290000 2.385847
-0.289000 2.381570
-0.288000 2.377288
-0.287000 2.373000
-0.286000 2.368706
-0.285000 2.364407
-0.284000 2.360101
-0.283000 2.355790
-0.282000 2.351473
-0.281000 2.347151
-0.280000 2.342823
-0.279000 2.338489
-0.278000 2.334150
-0.277000 2.329805
-0.276000 2.325454
-0.275000 2.321098
-0.274000 2.316737
-0.273000 2.312370
-0.272000 2.307998
-0.271000 2.303620
-0.270000 2.299237
-0.269000 2.294849
-0.268000 2.290455
-0.267000 2.286056
-0.266000 2.281652
-0.265000 2.277243
-0.264000 2.272829
-0.263000 2.268409
-0.262000 2.263984
-0.261000 2.259554
-0.260000 2.255119
-0.259000 2.250679
-0.258000 2.246235
-0.257000 2.241785
-0.256000 2.237330
-0.255000 2.232870
-0.254000 2.228405
-0.253000 2.223936
-0.252000 2.219461
-0.251000 2.214982
-0.250000 2.210498
-0.249000 2.206009
-0.248000 2.201516
-0.247000 2.197018
-0.246000 2.192515
-0.245000 2.188007
-0.244000 2.183495
-0.243000 2.178978
-0.242000 2.174457
-0.241000 2.169931
-0.240000 2.165401
-0.239000 2.160866
-0.238000 2.156326
-0.237000 2.151783
-0.236000 2.147235
-0.235000 2.142682
-0.234000 2.138125
-0.233000 2.133564
-0.232000 2.128998
-0.231000 2.124428
-0.230000 2.119854
-0.229000 2.115276
-0.228000 2.110694
-0.227000 2.106107
-0.226000 2.101516
-0.225000 2.096921
-0.224000 2.092322
-0.223000 2.087719
-0.222000 2.083112
-0.221000 2.078501
-0.220000 2.073885
-0.219000 2.069266
-0.218000 2.064643
-0.217000 2.060016
-0.216000 2.055385
-0.215000 2.050750
-0.214000 2.046112
-0.213000 2.041469
-0.212000 2.036823
-0.211000 2.032173
-0.210000 2.027519
-0.209000 2.022862
-0.208000 2.018200
-0.207000 2.013536
-0.206000 2.008867
-0.205000 2.004195
-0.204000 1.999519
-0.203000 1.994840
-0.202000 1.990157
-0.201000 1.985470
-0.200000 1.980780
-0.199000 1.976087
-0.198000 1.971390
-0.197000 1.966690
-0.196000 1.961986
-0.195000 1.957279
-0.194000 1.952569
-0.193000 1.947855
-0.192000 1.943138
-0.191000 1.938417
-0.190000 1.933693
-0.189000 1.928966
-0.188000 1.924236
-0.187000 1.919503
-0.186000 1.914766
-0.185000 1.910027
-0.184000 1.905284
-0.183000 1.900538
-0.182000 1.895789
-0.181000 1.891037
-0.180000 1.886281
-0.179000 1.881523
-0.178000 1.876762
-0.177000 1.871998
-0.176000 1.867231
-0.175000 1.862461
-0.174000 1.857688
-0.173000 1.852912
-0.172000 1.848133
-0.171000 1.843351
-0.170000 1.838567
-0.169000 1.833780
-0.168000 1.828990
-0.167000 1.824197
-0.166000 1.819401
-0.165000 1.814603
-0.164000 1.809802
-0.163000 1.804999
-0.162000 1.800193
-0.161000 1.795384
-0.160000 1.790572
-0.159000 1.785758
-0.158000 1.780941
-0.157000 1.776122
-0.156000 1.771301
-0.155000 1.766476
-0.154000 1.761650
-0.153000 1.756820
-0.152000 1.751989
-0.151000 1.747155
-0.150000 1.742318
-0.149000 1.737479
-0.148000 1.732638
-0.147000 1.727795
-0.146000 1.722949
-0.145000 1.718101
-0.144000 1.713250
-0.143000 1.708398
-0.142000 1.703543
-0.141000 1.698685
-0.140000 1.693826
-0.139000 1.688965
-0.138000 1.684101
-0.137000 1.679235
-0.136000 1.674367
-0.135000 1.669497
-0.134000 1.664625
-0.133000 1.659750
-0.132000 1.654874
-0.131000 1.649996
-0.130000 1.645116
-0.129000 1.640233
-0.128000 1.635349
-0.127000 1.630463
-0.126000 1.625575
-0.125000 1.620684
-0.124000 1.615792
-0.123000 1.610899
-0.122000 1.606003
-0.121000 1.601105
-0.120000 1.596206
-0.119000 1.591305
-0.118000 1.586402
-0.117000 1.581497
-0.116000 1.576591
-0.115000 1.571682
-0.114000 1.566773
-0.113000 1.561861
-0.112000 1.556948
-0.111000 1.552033
-0.110000 1.547116
-0.109000 1.542198
-0.108000 1.537278
-0.107000 1.532357
-0.106000 1.527434
-0.105000 1.522509
-0.104000 1.517583
-0.103000 1.512656
-0.102000 1.507727
-0.101000 1.502796
-0.100000 1.497864
-0.099000 1.492931
-0.098000 1.487996
-0.097000 1.483060
-0.096000 1.478122
-0.095000 1.473183
-0.094000 1.468243
-0.093000 1.463301
-0.092000 1.458358
-0.091000 1.453414
-0.090000 1.448468
-0.089000 1.443521
-0.088000 1.438573
-0.087000 1.433623
-0.086000 1.428673
-0.085000 1.423721
-0.084000 1.418768
-0.083000 1.413814
-0.082000 1.408858
-0.081000 1.403902
-0.080000 1.398944
-0.079000 1.393985
-0.078000 1.389025
-0.077000 1.384064
-0.076000 1.379102
-0.075000 1.374139
-0.074000 1.369175
-0.073000 1.364210
-0.072000 1.359244
-0.071000 1.354277
-0.070000 1.349309
-0.069000 1.344340
-0.068000 1.339370
-0.067000 1.334399
-0.066000 1.329427
-0.065000 1.324454
-0.064000 1.319481
-0.063000 1.314507
-0.062000 1.309531
-0.061000 1.304555
-0.060000 1.299578
-0.059000 1.294601
-0.058000 1.289622
-0.057000 1.284643
-0.056000 1.279663
-0.055000 1.274682
-0.054000 1.269701
-0.053000 1.264718
-0.052000 1.259735
-0.051000 1.254752
-0.050000 1.249768
-0.049000 1.244783
-0.048000 1.239797
-0.047000 1.234811
-0.046000 1.229824
-0.045000 1.224837
-0.044000 1.219849
-0.043000 1.214860
-0.042000 1.209871
-0.041000 1.204882
-0.040000 1.199892
-0.039000 1.194901
-0.038000 1.189910
-0.037000 1.184918
-0.036000 1.179926
-0.035000 1.174934
-0.034000 1.169941
-0.033000 1.164947
-0.032000 1.159953
-0.031000 1.154959
-0.030000 1.149964
-0.029000 1.144969
-0.028000 1.139974
-0.027000 1.134978
-0.026000 1.129982
-0.025000 1.124986
-0.024000 1.119989
-0.023000 1.114992
-0.022000 1.109995
-0.021000 1.104997
-0.020000 1.100000
-0.019000 1.095002
-0.018000 1.090003
-0.017000 1.085005
-0.016000 1.080006
-0.015000 1.075007
-0.014000 1.070008
-0.013000 1.065009
-0.012000 1.060010
-0.011000 1.055010
-0.010000 1.050010
-0.009000 1.045011
-0.008000 1.040011
-0.007000 1.035011
-0.006000 1.030011
-0.005000 1.025011
-0.004000 1.020011
-0.003000 1.015010
-0.002000 1.010010
-0.001000 1.005010
0.000000 1.000010
0.001000 0.995009
0.002000 0.990009
0.003000 0.985009
0.004000 0.980009
0.005000 0.975009
0.006000 0.970008
0.007000 0.965008
0.008000 0.960009
0.009000 0.955009
0.010000 0.950009
0.011000 0.945010
0.012000 0.940010
0.013000 0.935011
0.014000 0.930012
0.015000 0.925013
0.016000 0.920014
0.017000 0.915015
0.018000 0.910017
0.019000 0.905019
0.020000 0.900021
0.021000 0.895023
0.022000 0.890026
0.023000 0.885028
0.024000 0.880031
0.025000 0.875035
0.026000 0.870038
0.027000 0.865042
0.028000 0.860047
0.029000 0.855051
0.030000 0.850056
0.031000 0.845061
0.032000 0.840067
0.033000 0.835073
0.034000 0.830079
0.035000 0.825086
0.036000 0.820093
0.037000 0.815100
0.038000 0.810108
0.039000 0.805116
0.040000 0.800125
0.041000 0.795134
0.042000 0.790144
0.043000 0.785154
0.044000 0.780165
0.045000 0.775176
0.046000 0.770188
0.047000 0.765200
0.048000 0.760212
0.049000 0.755225
0.050000 0.750239
0.051000 0.745253
0.052000 0.740268
0.053000 0.735283
0.054000 0.730299
0.055000 0.725316
0.056000 0.720333
0.057000 0.715351
0.058000 0.710369
0.059000 0.705388
0.060000 0.700407
0.061000 0.695427
0.062000 0.690448
0.063000 0.685470
0.064000 0.680492
0.065000 0.675515
0.066000 0.670538
0.067000 0.665563
0.068000 0.660588
0.069000 0.655613
0.070000 0.650640
0.071000 0.645667
0.072000 0.640694
0.073000 0.635723
0.074000 0.630752
0.075000 0.625782
0.076000 0.620813
0.077000 0.615845
0.078000 0.610877
0.079000 0.605911
0.080000 0.600945
0.081000 0.595980
0.082000 0.591015
0.083000 0.586052
0.084000 0.581089
0.085000 0.576128
0.086000 0.571167
0.087000 0.566207
0.088000 0.561247
0.089000 0.556289
0.090000 0.551332
0.091000 0.546375
0.092000 0.541420
0.093000 0.536465
0.094000 0.531511
0.095000 0.526559
0.096000 0.521607
0.097000 0.516656
0.098000 0.511706
0.099000 0.506757
0.100000 0.501809
0.101000 0.496862
0.102000 0.491916
0.103000 0.486971
0.104000 0.482027
0.105000 0.477084
0.106000 0.472142
0.107000 0.467201
0.108000 0.462261
0.109000 0.457322
0.110000 0.452384
0.111000 0.447447
0.112000 0.442512
0.113000 0.437577
0.114000 0.432643
0.115000 0.427711
0.116000 0.422780
0.117000 0.417849
0.118000 0.412920
0.119000 0.407992
0.120000 0.403065
0.121000 0.398139
0.122000 0.393215
0.123000 0.388291
0.124000 0.383369
0.125000 0.378447
0.126000 0.373527
0.127000 0.368608
0.128000 0.363691
0.129000 0.358774
0.130000 0.353859
0.131000 0.348945
0.132000 0.344032
0.133000 0.339120
0.134000 0.334210
0.135000 0.329300
0.136000 0.324392
0.137000 0.319485
0.138000 0.314580
0.139000 0.309676
0.140000 0.304772
0.141000 0.299871
0.142000 0.294970
0.143000 0.290071
0.144000 0.285173
0.145000 0.280276
0.146000 0.275381
0.147000 0.270487
0.148000 0.265594
0.149000 0.260703
0.150000 0.255813
0.151000 0.250924
0.152000 0.246036
0.153000 0.241150
0.154000 0.236265
0.155000 0.231382
0.156000 0.226500
0.157000 0.221619
0.158000 0.216740
0.159000 0.211862
0.160000 0.206985
0.161000 0.202110
0.162000 0.197236
0.163000 0.192364
0.164000 0.187493
0.165000 0.182623
0.166000 0.177755
0.167000 0.172889
0.168000 0.168023
0.169000 0.163159
0.170000 0.158297
0.171000 0.153436
0.172000 0.148576
0.173000 0.143718
0.174000 0.138862
0.175000 0.134007
0.176000 0.129153
0.177000 0.124301
0.178000 0.119450
0.179000 0.114601
0.180000 0.109753
0.181000 0.104907
0.182000 0.100062
0.183000 0.095219
0.184000 0.090377
0.185000 0.085537
0.186000 0.080698
0.187000 0.075861
0.188000 0.071025
0.189000 0.066191
0.190000 0.061359
0.191000 0.056528
0.192000 0.051698
0.193000 0.046871
0.194000 0.042044
0.195000 0.037220
0.196000 0.032396
0.197000 0.027575
0.198000 0.022755
0.199000 0.017937
0.200000 0.013120
0.201000 0.008305
0.202000 0.003491
0.203000 -0.001321
0.204000 -0.006131
0.205000 -0.010940
0.206000 -0.015747
0.207000 -0.020553
0.208000 -0.025357
0.209000 -0.030159
0.210000 -0.034959
0.211000 -0.039758
0.212000 -0.044556
0.213000 -0.049351
0.214000 -0.054145
0.215000 -0.058937
0.216000 -0.063728
0.217000 -0.068517
0.218000 -0.073304
0.219000 -0.078090
0.220000 -0.082874
0.221000 -0.087656
0.222000 -0.092437
0.223000 -0.097215
0.224000 -0.101993
0.225000 -0.106768
0.226000 -0.111542
0.227000 -0.116314
0.228000 -0.121084
0.229000 -0.125852
0.230000 -0.130619
0.231000 -0.135384
0.232000 -0.140148
0.233000 -0.144909
0.234000 -0.149669
0.235000 -0.154427
0.236000 -0.159183
0.237000 -0.163938
0.238000 -0.168691
0.239000 -0.173442
0.240000 -0.178191
0.241000 -0.182939
0.242000 -0.187684
0.243000 -0.192428
0.244000 -0.197171
0.245000 -0.201911
0.246000 -0.206650
0.247000 -0.211386
0.248000 -0.216121
0.249000 -0.220854
0.250000 -0.225586
0.251000 -0.230315
0.252000 -0.235043
0.253000 -0.239769
0.254000 -0.244493
0.255000 -0.249215
0.256000 -0.253936
0.257000 -0.258654
0.258000 -0.263371
0.259000 -0.268086
0.260000 -0.272799
0.261000 -0.277510
0.262000 -0.282220
0.263000 -0.286927
0.264000 -0.291633
0.265000 -0.296337
0.266000 -0.301039
0.267000 -0.305739
0.268000 -0.310437
0.269000 -0.315133
0.270000 -0.319828
0.271000 -0.324520
0.272000 -0.329211
0.273000 -0.333900
0.274000 -0.338587
0.275000 -0.343272
0.276000 -0.347955
0.277000 -0.352636
0.278000 -0.357315
0.279000 -0.361992
0.280000 -0.366668
0.281000 -0.371341
0.282000 -0.376013
0.283000 -0.380683
0.284000 -0.385350
0.285000 -0.390016
0.286000 -0.394680
0.287000 -0.399342
0.288000 -0.404002
0.289000 -0.408660
0.290000 -0.413316
0.291000 -0.417971
0.292000 -0.422623
0.293000 -0.427273
0.294000 -0.431921
0.295000 -0.436568
0.296000 -0.441212
0.297000 -0.445854
0.298000 -0.450495
0.299000 -0.455133
0.300000 -0.459770
0.301000 -0.464404
0.302000 -0.469037
0.303000 -0.473667
0.304000 -0.478296
0.305000 -0.482923
0.306000 -0.487547
0.307000 -0.492170
0.308000 -0.496790
0.309000 -0.501409
0.310000 -0.506025
0.311000 -0.510640
0.312000 -0.515252
0.313000 -0.519863
0.314000 -0.524472
0.315000 -0.529078
0.316000 -0.533682
0.317000 -0.538285
0.318000 -0.542885
0.319000 -0.547484
0.320000 -0.552080
0.321000 -0.556674
0.322000 -0.561267
0.323000 -0.565857
0.324000 -0.570445
0.325000 -0.575031
0.326000 -0.579615
0.327000 -0.584197
0.328000 -0.588777
0.329000 -0.593355
0.330000 -0.597931
0.331000 -0.602505
0.332000 -0.607076
0.333000 -0.611646
0.334000 -0.616214
0.335000 -0.620779
0.336000 -0.625342
0.337000 -0.629904
0.338000 -0.634463
0.339000 -0.639020
0.340000 -0.643575
0.341000 -0.648128
0.342000 -0.652679
0.343000 -0.657228
0.344000 -0.661774
0.345000 -0.666319
0.346000 -0.670862
0.347000 -0.675402
0.348000 -0.679940
0.349000 -0.684476
0.350000 -0.689010
0.351000 -0.693542
0.352000 -0.698072
0.353000 -0.702600
0.354000 -0.707125
0.355000 -0.711649
0.356000 -0.716170
0.357000 -0.720689
0.358000 -0.725206
0.359000 -0.729721
0.360000 -0.734234
0.361000 -0.738744
0.362000 -0.743253
0.363000 -0.747759
0.364000 -0.752263
0.365000 -0.756765
0.366000 -0.761265
0.367000 -0.765763
0.368000 -0.770258
0.369000 -0.774752
0.370000 -0.779243
0.371000 -0.783732
0.372000 -0.788219
0.373000 -0.792704
0.374000 -0.797186
0.375000 -0.801666
0.376000 -0.806145
0.377000 -0.810621
0.378000 -0.815094
0.379000 -0.819566
0.380000 -0.824035
0.381000 -0.828503
0.382000 -0.832968
0.383000 -0.837430
0.384000 -0.841891
0.385000 -0.846349
0.386000 -0.850806
0.387000 -0.855260
0.388000 -0.859712
0.389000 -0.864161
0.390000 -0.868609
0.391000 -0.873054
0.392000 -0.877497
0.393000 -0.881937
0.394000 -0.886376
0.395000 -0.890812
0.396000 -0.895246
0.397000 -0.899678
0.398000 -0.904108
0.399000 -0.908535
0.400000 -0.912960
0.401000 -0.917383
0.402000 -0.921804
0.403000 -0.926222
0.404000 -0.930638
0.405000 -0.935052
0.406000 -0.939464
0.407000 -0.943873
0.408000 -0.948280
0.409000 -0.952685
0.410000 -0.957088
0.411000 -0.961488
0.412000 -0.965886
0.413000 -0.970282
0.414000 -0.974676
0.415000 -0.979067
0.416000 -0.983456
0.417000 -0.987843
0.418000 -0.992227
0.419000 -0.996609
0.420000 -1.000989
0.421000 -1.005367
0.422000 -1.009742
0.423000 -1.014115
0.424000 -1.018486
0.425000 -1.022854
0.426000 -1.027220
0.427000 -1.031584
0.428000 -1.035945
0.429000 -1.040304
0.430000 -1.044661
0.431000 -1.049016
0.432000 -1.053368
0.433000 -1.057718
0.434000 -1.062066
0.435000 -1.066411
0.436000 -1.070754
0.437000 -1.075095
0.438000 -1.079433
0.439000 -1.083769
0.440000 -1.088102
0.441000 -1.092434
0.442000 -1.096763
0.443000 -1.101089
0.444000 -1.105414
0.445000 -1.109736
0.446000 -1.114055
0.447000 -1.118372
0.448000 -1.122687
0.449000 -1.127000
0.450000 -1.131310
0.451000 -1.135618
0.452000 -1.139923
0.453000 -1.144226
0.454000 -1.148527
0.455000 -1.152825
0.456000 -1.157121
0.457000 -1.161415
0.458000 -1.165706
0.459000 -1.169995
0.460000 -1.174281
0.461000 -1.178565
0.462000 -1.182847
0.463000 -1.187126
0.464000 -1.191403
0.465000 -1.195677
0.466000 -1.199949
0.467000 -1.204219
0.468000 -1.208486
0.469000 -1.212751
0.470000 -1.217013
0.471000 -1.221273
0.472000 -1.225531
0.473000 -1.229786
0.474000 -1.234039
0.475000 -1.238289
0.476000 -1.242537
0.477000 -1.246782
0.478000 -1.251025
0.479000 -1.255266
0.480000 -1.259504
0.481000 -1.263740
0.482000 -1.267973
0.483000 -1.272204
0.484000 -1.276432
0.485000 -1.280658
0.486000 -1.284881
0.487000 -1.289102
0.488000 -1.293321
0.489000 -1.297537
0.490000 -1.301751
0.491000 -1.305962
0.492000 -1.310170
0.493000 -1.314376
0.494000 -1.318580
0.495000 -1.322781
0.496000 -1.326980
0.497000 -1.331176
0.498000 -1.335370
0.499000 -1.339561
0.500000 -1.343750
0.501000 -1.347936
0.502000 -1.352120
0.503000 -1.356301
0.504000 -1.360480
0.505000 -1.364656
0.506000 -1.368830
0.507000 -1.373001
0.508000 -1.377170
0.509000 -1.381336
0.510000 -1.385499
0.511000 -1.389661
0.512000 -1.393819
0.513000 -1.397975
0.514000 -1.402129
0.515000 -1.406279
0.516000 -1.410428
0.517000 -1.414574
0.518000 -1.418717
0.519000 -1.422858
0.520000 -1.426996
0.521000 -1.431131
0.522000 -1.435264
0.523000 -1.439395
0.524000 -1.443523
0.525000 -1.447648
0.526000 -1.451771
0.527000 -1.455891
0.528000 -1.460009
0.529000 -1.464124
0.530000 -1.468236
0.531000 -1.472346
0.532000 -1.476453
0.533000 -1.480557
0.534000 -1.484659
0.535000 -1.488759
0.536000 -1.492856
0.537000 -1.496950
0.538000 -1.501041
0.539000 -1.505130
0.540000 -1.509216
0.541000 -1.513300
0.542000 -1.517381
0.543000 -1.521459
0.544000 -1.525535
0.545000 -1.529608
0.546000 -1.533679
0.547000 -1.537746
0.548000 -1.541812
0.549000 -1.545874
0.550000 -1.549934
0.551000 -1.553991
0.552000 -1.558045
0.553000 -1.562097
0.554000 -1.566146
0.555000 -1.570193
0.556000 -1.574236
0.557000 -1.578278
0.558000 -1.582316
0.559000 -1.586352
0.560000 -1.590384
0.561000 -1.594415
0.562000 -1.598442
0.563000 -1.602467
0.564000 -1.606489
0.565000 -1.610509
0.566000 -1.614525
0.567000 -1.618539
0.568000 -1.622550
0.569000 -1.626559
0.570000 -1.630565
0.571000 -1.634567
0.572000 -1.638568
0.573000 -1.642565
0.574000 -1.646560
0.575000 -1.650552
0.576000 -1.654541
0.577000 -1.658527
0.578000 -1.662511
0.579000 -1.666492
0.580000 -1.670470
0.581000 -1.674445
0.582000 -1.678418
0.583000 -1.682387
0.584000 -1.686354
0.585000 -1.690318
0.586000 -1.694280
0.587000 -1.698238
0.588000 -1.702194
0.589000 -1.706146
0.590000 -1.710096
0.591000 -1.714044
0.592000 -1.717988
0.593000 -1.721929
0.594000 -1.725868
0.595000 -1.729804
0.596000 -1.733737
0.597000 -1.737667
0.598000 -1.741594
0.599000 -1.745518
0.600000 -1.749440
0.601000 -1.753358
0.602000 -1.757274
0.603000 -1.761187
0.604000 -1.765097
0.605000 -1.769003
0.606000 -1.772908
0.607000 -1.776809
0.608000 -1.780707
0.609000 -1.784602
0.610000 -1.788495
0.611000 -1.792384
0.612000 -1.796271
0.613000 -1.800154
0.614000 -1.804035
0.615000 -1.807913
0.616000 -1.811788
0.617000 -1.815659
0.618000 -1.819528
0.619000 -1.823394
0.620000 -1.827257
0.621000 -1.831117
0.622000 -1.834974
0.623000 -1.838828
0.624000 -1.842679
0.625000 -1.846527
0.626000 -1.850372
0.627000 -1.854214
0.628000 -1.858052
0.629000 -1.861888
0.630000 -1.865721
0.631000 -1.869551
0.632000 -1.873378
0.633000 -1.877201
0.634000 -1.881022
0.635000 -1.884840
0.636000 -1.888654
0.637000 -1.892466
0.638000 -1.896274
0.639000 -1.900079
0.640000 -1.903882
0.641000 -1.907681
0.642000 -1.911477
0.643000 -1.915270
0.644000 -1.919060
0.645000 -1.922846
0.646000 -1.926630
0.647000 -1.930410
0.648000 -1.934188
0.649000 -1.937962
0.650000 -1.941733
0.651000 -1.945501
0.652000 -1.949266
0.653000 -1.953027
0.654000 -1.956786
0.655000 -1.960541
0.656000 -1.964293
0.657000 -1.968042
0.658000 -1.971787
0.659000 -1.975530
0.660000 -1.979269
0.661000 -1.983005
0.662000 -1.986738
0.663000 -1.990467
0.664000 -1.994194
0.665000 -1.997917
0.666000 -2.001637
0.667000 -2.005353
0.668000 -2.009067
0.669000 -2.012777
0.670000 -2.016484
0.671000 -2.020187
0.672000 -2.023887
0.673000 -2.027584
0.674000 -2.031278
0.675000 -2.034968
0.676000 -2.038655
0.677000 -2.042339
0.678000 -2.046019
0.679000 -2.049696
0.680000 -2.053370
0.681000 -2.057040
0.682000 -2.060707
0.683000 -2.064371
0.684000 -2.068031
0.685000 -2.071688
0.686000 -2.075341
0.687000 -2.078991
0.688000 -2.082638
0.689000 -2.086281
0.690000 -2.089921
0.691000 -2.093557
0.692000 -2.097190
0.693000 -2.100820
0.694000 -2.104446
0.695000 -2.108069
0.696000 -2.111688
0.697000 -2.115304
0.698000 -2.118916
0.699000 -2.122524
0.700000 -2.126130
0.701000 -2.129731
0.702000 -2.133330
0.703000 -2.136924
0.704000 -2.140516
0.705000 -2.144103
0.706000 -2.147687
0.707000 -2.151268
0.708000 -2.154845
0.709000 -2.158419
0.710000 -2.161988
0.711000 -2.165555
0.712000 -2.169117
0.713000 -2.172677
0.714000 -2.176232
0.715000 -2.179784
0.716000 -2.183332
0.717000 -2.186877
0.718000 -2.190418
0.719000 -2.193955
0.720000 -2.197489
0.721000 -2.201019
0.722000 -2.204546
0.723000 -2.208068
0.724000 -2.211587
0.725000 -2.215103
0.726000 -2.218614
0.727000 -2.222122
0.728000 -2.225626
0.729000 -2.229127
0.730000 -2.232624
0.731000 -2.236116
0.732000 -2.239606
0.733000 -2.243091
0.734000 -2.246573
0.735000 -2.250051
0.736000 -2.253525
0.737000 -2.256995
0.738000 -2.260461
0.739000 -2.263924
0.740000 -2.267383
0.741000 -2.270838
0.742000 -2.274289
0.743000 -2.277736
0.744000 -2.281179
0.745000 -2.284619
0.746000 -2.288054
0.747000 -2.291486
0.748000 -2.294914
0.749000 -2.298338
0.750000 -2.301758
0.751000 -2.305174
0.752000 -2.308586
0.753000 -2.311994
0.754000 -2.315398
0.755000 -2.318798
0.756000 -2.322194
0.757000 -2.325586
0.758000 -2.328975
0.759000 -2.332359
0.760000 -2.335739
0.761000 -2.339115
0.762000 -2.342487
0.763000 -2.345855
0.764000 -2.349219
0.765000 -2.352579
0.766000 -2.355934
0.767000 -2.359286
0.768000 -2.362634
0.769000 -2.365977
0.770000 -2.369316
0.771000 -2.372652
0.772000 -2.375982
0.773000 -2.379309
0.774000 -2.382632
0.775000 -2.385950
0.776000 -2.389265
0.777000 -2.392575
0.778000 -2.395881
0.779000 -2.399182
0.780000 -2.402480
0.781000 -2.405773
0.782000 -2.409062
0.783000 -2.412346
0.784000 -2.415627
0.785000 -2.418903
0.786000 -2.422174
0.787000 -2.425442
0.788000 -2.428705
0.789000 -2.431964
0.790000 -2.435218
0.791000 -2.438468
0.792000 -2.441714
0.793000 -2.444955
0.794000 -2.448192
0.795000 -2.451424
0.796000 -2.454652
0.797000 -2.457876
0.798000 -2.461095
0.799000 -2.464310
0.800000 -2.467520
0.801000 -2.470726
0.802000 -2.473927
0.803000 -2.477124
0.804000 -2.480316
0.805000 -2.483504
0.806000 -2.486687
0.807000 -2.489866
0.808000 -2.493040
0.809000 -2.496209
0.810000 -2.499374
0.811000 -2.502534
0.812000 -2.505690
0.813000 -2.508841
0.814000 -2.511987
0.815000 -2.515129
0.816000 -2.518266
0.817000 -2.521399
0.818000 -2.524526
0.819000 -2.527649
0.820000 -2.530768
0.821000 -2.533881
0.822000 -2.536990
0.823000 -2.540094
0.824000 -2.543193
0.825000 -2.546288
0.826000 -2.549378
0.827000 -2.552463
0.828000 -2.555543
0.829000 -2.558618
0.830000 -2.561688
0.831000 -2.564754
0.832000 -2.567814
0.833000 -2.570870
0.834000 -2.573921
0.835000 -2.576967
0.836000 -2.580008
0.837000 -2.583044
0.838000 -2.586075
0.839000 -2.589101
0.840000 -2.592123
0.841000 -2.595139
0.842000 -2.598150
0.843000 -2.601156
0.844000 -2.604157
0.845000 -2.607153
0.846000 -2.610144
0.847000 -2.613130
0.848000 -2.616111
0.849000 -2.619086
0.850000 -2.622057
0.851000 -2.625022
0.852000 -2.627983
0.853000 -2.630938
0.854000 -2.633888
0.855000 -2.636832
0.856000 -2.639772
0.857000 -2.642706
0.858000 -2.645635
0.859000 -2.648559
0.860000 -2.651477
0.861000 -2.654390
0.862000 -2.657298
0.863000 -2.660201
0.864000 -2.663098
0.865000 -2.665990
0.866000 -2.668876
0.867000 -2.671757
0.868000 -2.674633
0.869000 -2.677503
0.870000 -2.680368
0.871000 -2.683227
0.872000 -2.686081
0.873000 -2.688930
0.874000 -2.691773
0.875000 -2.694610
0.876000 -2.697442
0.877000 -2.700269
0.878000 -2.703090
0.879000 -2.705905
0.880000 -2.708715
0.881000 -2.711519
0.882000 -2.714317
0.883000 -2.717110
0.884000 -2.719897
0.885000 -2.722679
0.886000 -2.725454
0.887000 -2.728225
0.888000 -2.730989
0.889000 -2.733748
0.890000 -2.736501
0.891000 -2.739248
0.892000 -2.741989
0.893000 -2.744725
0.894000 -2.747454
0.895000 -2.750178
0.896000 -2.752896
0.897000 -2.755609
0.898000 -2.758315
0.899000 -2.761015
0.900000 -2.763710
0.901000 -2.766398
0.902000 -2.769081
0.903000 -2.771757
0.904000 -2.774428
0.905000 -2.777093
0.906000 -2.779751
0.907000 -2.782404
0.908000 -2.785050
0.909000 -2.787691
0.910000 -2.790325
0.911000 -2.792953
0.912000 -2.795575
0.913000 -2.798191
0.914000 -2.800801
0.915000 -2.803404
0.916000 -2.806002
0.917000 -2.808593
0.918000 -2.811177
0.919000 -2.813756
0.920000 -2.816328
0.921000 -2.818894
0.922000 -2.821454
0.923000 -2.824007
0.924000 -2.826554
0.925000 -2.829095
0.926000 -2.831629
0.927000 -2.834157
0.928000 -2.836678
0.929000 -2.839193
0.930000 -2.841702
0.931000 -2.844204
0.932000 -2.846699
0.933000 -2.849188
0.934000 -2.851670
0.935000 -2.854146
0.936000 -2.856616
0.937000 -2.859078
0.938000 -2.861534
0.939000 -2.863984
0.940000 -2.866426
0.941000 -2.868862
0.942000 -2.871292
0.943000 -2.873714
0.944000 -2.876130
0.945000 -2.878539
0.946000 -2.880941
0.947000 -2.883337
0.948000 -2.885725
0.949000 -2.888107
0.950000 -2.890482
0.951000 -2.892850
0.952000 -2.895211
0.953000 -2.897566
0.954000 -2.899913
0.955000 -2.902253
0.956000 -2.904587
0.957000 -2.906913
0.958000 -2.909232
0.959000 -2.911544
0.960000 -2.913850
0.961000 -2.916148
0.962000 -2.918439
0.963000 -2.920722
0.964000 -2.922999
0.965000 -2.925268
0.966000 -2.927531
0.967000 -2.929786
0.968000 -2.932034
0.969000 -2.934274
0.970000 -2.936507
0.971000 -2.938733
0.972000 -2.940952
0.973000 -2.943163
0.974000 -2.945367
0.975000 -2.947563
0.976000 -2.949753
0.977000 -2.951934
0.978000 -2.954108
0.979000 -2.956275
0.980000 -2.958434
0.981000 -2.960586
0.982000 -2.962730
0.983000 -2.964866
0.984000 -2.966995
0.985000 -2.969116
0.986000 -2.971230
0.987000 -2.973336
0.988000 -2.975434
0.989000 -2.977525
0.990000 -2.979608
0.991000 -2.981683
0.992000 -2.983750
0.993000 -2.985809
0.994000 -2.987861
0.995000 -2.989905
0.996000 -2.991941
0.997000 -2.993969
0.998000 -2.995989
0.999000 -2.998001
