0.194277
0.130930
0.146795
0.162311
0.091963
0.135207
0.119579
0.111997
0.140354
0.116698
0.127685
0.129767
0.117926
0.129960
0.123216
0.123324
0.128215
0.122320
0.126168
0.125508
0.123571
0.126378
0.124283
0.124906
0.125616
0.124315
0.125415
0.124971
0.124746
0.125331
0.124770
0.125051
0.125098
0.124844
0.125123
0.124958
0.124966
0.125071
0.124936
0.125028
0.125010
0.124968
0.125032
0.124983
0.124999
0.125014
0.124984
0.125010
0.124999
0.124994
0.125008
0.124995
0.125001
0.125002
0.124996
0.125003
0.124999
0.124999
0.125002
0.124999
0.125000
0.125000
0.124999
0.125000
0.125000
0.124999
0.125000
0.125000
0.124999
0.125002
0.124999
0.124999
0.125003
0.124996
0.125002
0.125001
0.124995
0.125008
0.124994
0.124999
0.125010
0.124984
0.125014
0.124999
0.124983
0.125032
0.124968
0.125010
0.125028
0.124936
0.125071
0.124966
0.124958
0.125123
0.124844
0.125098
0.125051
0.124770
0.125331
0.124746
0.124971
0.125415
0.124315
0.125616
0.124906
0.124283
0.126378
0.123571
0.125508
0.126168
0.122320
0.128215
0.123324
0.123216
0.129960
0.117926
0.129767
0.127685
0.116698
0.140354
0.111997
0.119579
0.135207
0.091963
0.162311
0.146795
0.130930
0.194277
