5 100

73 391 97 335 454 
120 71 321 336 185 
119 325 317 8 254 
342 174 194 448 427 
434 326 117 498 40 
143 337 458 453 281 
44 379 172 141 214 
478 113 137 299 301 
322 418 126 492 278 
381 186 304 427 134 
232 362 460 201 212 
353 196 49 163 150 
182 207 29 354 200 
95 184 165 233 483 
467 407 254 93 399 
384 326 437 41 106 
72 273 320 384 326 
32 89 23 433 104 
25 116 163 406 322 
363 1 7 381 234 
342 348 494 448 293 
245 333 472 183 226 
430 255 499 250 491 
177 134 433 52 67 
37 77 183 201 483 
6 416 485 365 297 
71 207 497 65 8 
143 163 193 467 346 
419 397 453 270 499 
444 447 133 229 352 
200 119 429 236 320 
265 242 88 102 459 
238 25 18 87 443 
26 230 106 219 49 
452 138 446 405 260 
297 201 60 430 431 
412 131 50 341 367 
222 458 461 162 412 
272 400 438 290 488 
381 317 70 339 388 
472 291 379 270 196 
139 68 249 199 498 
32 111 481 434 305 
200 156 115 161 319 
28 285 71 318 76 
59 199 245 482 38 
133 454 181 364 224 
229 4 292 478 55 
143 363 19 124 297 
176 177 454 143 190 
125 171 476 48 489 
52 460 40 297 442 
430 282 248 111 147 
472 192 3 117 171 
58 112 34 429 88 
183 457 265 489 101 
456 466 124 432 15 
466 336 475 6 133 
417 289 415 17 252 
414 341 445 417 458 
468 328 422 354 257 
11 37 67 276 27 
168 84 493 144 16 
8 110 352 483 117 
337 252 258 105 269 
10 19 111 455 289 
421 275 117 344 129 
226 207 167 293 483 
46 313 68 391 458 
436 400 68 141 235 
37 478 340 295 435 
461 158 455 424 113 
244 198 389 213 394 
370 439 101 389 85 
436 435 398 356 327 
208 293 79 277 286 
166 166 264 6 314 
52 320 472 7 244 
437 103 442 178 168 
188 49 107 289 438 
44 226 226 295 82 
53 3 227 484 132 
13 150 299 130 9 
113 182 329 437 41 
425 374 496 220 405 
164 408 454 123 198 
244 168 276 470 463 
210 375 318 438 359 
451 451 10 250 81 
19 215 115 200 4 
156 125 378 152 345 
283 168 106 89 292 
156 186 312 432 156 
127 142 32 445 432 
391 248 384 253 350 
317 272 417 285 472 
421 441 450 152 446 
147 287 466 253 377 
258 409 63 422 193 
71 401 336 103 199 

268 347 447 4 100 
150 174 225 67 459 
49 489 252 499 141 
50 147 428 17 252 
157 127 162 72 402 
355 496 303 43 451 
2 164 298 302 20 
251 304 46 476 371 
5 25 360 110 377 
353 160 376 134 177 
128 143 157 142 216 
59 350 212 362 245 
163 217 409 314 371 
282 65 175 328 393 
398 186 270 111 296 
499 464 308 375 450 
486 356 94 495 498 
162 54 200 226 268 
446 241 337 207 55 
60 489 472 87 318 
365 486 4 488 97 
152 487 61 460 363 
364 298 71 458 293 
69 120 199 270 198 
468 68 439 157 275 
495 218 265 319 305 
435 37 291 291 25 
388 443 364 302 403 
227 18 202 298 476 
347 220 448 47 342 
146 367 410 85 24 
185 432 94 302 252 
400 237 289 43 28 
166 284 323 30 86 
79 110 104 133 260 
432 480 480 232 379 
174 230 246 84 167 
123 122 100 217 424 
204 117 14 345 161 
394 11 445 218 41 
383 297 3 339 282 
264 123 262 96 355 
142 271 437 240 207 
104 363 181 56 81 
106 260 50 472 105 
63 366 468 360 436 
362 95 85 365 286 
367 481 409 482 78 
116 476 201 53 216 
260 10 432 442 66 
365 48 327 267 372 
284 331 90 105 43 
27 467 139 464 184 
277 184 166 187 166 
96 155 494 149 209 
62 409 219 494 351 
137 359 251 464 127 
123 101 310 214 206 
205 93 25 196 409 
61 474 93 79 161 
111 175 168 105 324 
377 168 86 448 14 
437 438 226 189 402 
205 312 355 15 378 
413 72 471 290 269 
381 352 243 326 283 
404 438 459 424 395 
135 302 63 221 102 
430 11 40 156 200 
295 361 12 2 228 
391 268 300 214 58 
69 95 262 312 274 
46 68 212 357 493 
107 344 147 23 418 
101 453 429 494 109 
129 141 470 493 143 
198 236 411 498 303 
322 68 250 436 232 
24 482 301 236 191 
294 196 36 293 219 
454 394 24 235 388 
133 216 29 455 61 
25 5 150 288 355 
453 110 275 203 47 
8 80 381 161 168 
73 307 364 461 100 
435 267 494 459 2 
235 444 218 116 251 
131 141 108 281 430 
464 234 392 239 290 
291 99 370 25 260 
390 98 67 255 59 
167 42 178 14 354 
180 101 150 250 217 
402 381 211 10 163 
493 326 249 237 66 
391 29 165 113 54 
426 4 4 345 111 
415 13 153 93 379 
7 125 480 158 375 
