300 44550
600 178524
900 401700
1200 715572
1500 1118894
1800 1612772
2100 2195822
2400 2868789
2700 3632174
3000 4485297
3300 5428815
3600 6462447
3900 7586214
4200 8799755
4500 10103835
4800 11497899
5100 12981744
5400 14555979
5700 16220414
6000 17974209
6300 19818197
6600 21776672
6900 23801522
7200 25916372
7500 28121222
7800 30416072
8100 32800922
8400 35275772
8700 37840622
9000 40495472
9300 43240305
9600 46065047
9900 48988725
10200 52003119
10500 55107660
10800 58302354
11100 61587047
11400 64961420
11700 68416572
12000 71971209
12300 75615414
12600 79349610
12900 83185020
13200 87099870
13500 91104555
13800 95199072
14100 99379995
14400 103654655
14700 108018540
15000 112476924
15300 117021060
15600 121655364
15900 126396147
16200 131210997
16500 136115804
16800 141106749
17100 146191599
17400 151364972
17700 156629595
18000 161986995
18300 167431479
18600 172968989
18900 178593839
19200 184301754
19500 190106339
19800 196005729
20100 201954764
20400 208028184
20700 214212284
21000 220488720
21300 226833570
21600 233268735
21900 239786424
22200 246393500
22500 253044744
22800 259839594
23100 266787345
23400 273754272
23700 280802274
24000 287971164
24300 295211322
24600 302528079
24900 309979020
25200 317385629
25500 325084755
25800 332780535
26100 340549755
26400 348427460
26700 356395872
27000 364480395
27300 372606374
27600 380862014
27900 389181039
28200 397556759
28500 406055804
28800 414686294
29100 423331454
29400 432128172
29700 441014219
30000 449983872
30300 459018069
30600 468136734
30900 477376989
31200 486685094
31500 496064100
31800 505528634
32100 515187465
32400 524849435
32700 534621147
33000 544474589
33300 554411697
33600 564453047
33900 574537329
34200 584660055
34500 595095504
34800 605377850
35100 615899879
35400 626536422
35700 637224665
36000 647964234
36300 658825904
36600 669752109
36900 680746364
37200 691841022
37500 703093530
37800 714332835
38100 725776770
38400 737176134
38700 748818024
39000 760477260
39300 772204847
39600 784029075
39900 795922215
40200 807970254
40500 820043325
40800 832148625
41100 844542834
41400 856946097
41700 869374064
42000 881968122
42300 894617522
42600 907335264
42900 920156985
43200 933063420
43500 946101297
43800 959185539
44100 972325320
44400 985656765
44700 998994920
45000 1012457997
45300 1026016245
45600 1039589304
45900 1053378222
46200 1067187989
46500 1080977499
46800 1095018390
47100 1109089644
47400 1123237472
47700 1137617234
48000 1151943104
48300 1166417447
48600 1180896015
48900 1195515209
49200 1210285809
49500 1225033820
49800 1239766274
50100 1254966255
50400 1270018215
50700 1285075197
51000 1300452345
51300 1315757925
51600 1331235672
51900 1346678474
52200 1362376322
52500 1378045449
52800 1393867494
53100 1409747075
53400 1425702897
53700 1441797647
54000 1457957600
54300 1474162239
54600 1490544315
54900 1506946175
55200 1523484399
55500 1540078335
55800 1556769734
56100 1573532994
56400 1590437939
56700 1607391674
57000 1624435722
57300 1641595029
57600 1658704047
57900 1676153045
58200 1693569579
58500 1711058622
58800 1728689424
59100 1746323447
59400 1764144084
59700 1781946515
60000 1799706099
60300 1817944350
60600 1836035697
60900 1854338504
61200 1872686319
61500 1891023750
61800 1909586472
62100 1928074269
62400 1946838360
62700 1965584730
63000 1984449779
63300 2003352275
63600 2022228084
63900 2041540410
64200 2060758739
64500 2079927725
64800 2099428947
65100 2118824754
65400 2138524722
65700 2158156205
66000 2177843744
66300 2197777134
66600 2217639284
66900 2237691350
67200 2257880514
67500 2277960945
67800 2298349785
68100 2318706689
68400 2339203022
68700 2359800780
69000 2380339749
69300 2401148925
69600 2421793505
69900 2442937410
70200 2463842589
70500 2485044299
70800 2506257804
71100 2527495530
71400 2548930272
71700 2570342355
72000 2591889695
72300 2613490995
72600 2635237670
72900 2657165994
73200 2679077514
73500 2701046922
73800 2723025459
74100 2745300789
74400 2767630710
74700 2789978970
75000 2812437300
75300 2834792510
75600 2857371720
75900 2880208284
76200 2903148489
76500 2926035710
76800 2949024647
77100 2972123379
77400 2995240724
77700 3018604197
78000 3041947139
78300 3065363945
78600 3088921785
78900 3112431647
79200 3136262822
79500 3159910905
79800 3183972597
80100 3207964089
80400 3231861297
80700 3256178772
81000 3280455035
81300 3304747397
81600 3328958325
81900 3353706080
82200 3378191934
82500 3403037997
82800 3427653144
83100 3452699189
83400 3477651980
83700 3502628214
84000 3527938100
84300 3553120229
84600 3578496659
84900 3603908922
85200 3629453529
85500 3655039764
85800 3680702022
86100 3706495520
86400 3732431547
86700 3758265147
87000 3784361234
87300 3810483009
87600 3836618730
87900 3863021922
88200 3889345040
88500 3916058595
88800 3942507110
89100 3969350720
89400 3996067404
89700 4022772000
90000 4049647280
