10000 0.0245 0.005 0.0016 0
10200 0.0219 0.008 0.0026 0
10400 0.0339 0.01 0.0035 0
10600 0.0325 0.0083 0.0027 0
10800 0.0341 0.0085 0.0025 0
11000 0.0348 0.0087 0.0029 0
11200 0.0384 0.011 0.0034 0
11400 0.0436 0.0108 0.0036 0
11600 0.045 0.0114 0.0038 0
11800 0.0465 0.0115 0.0032 0
12000 0.043 0.0105 0.0035 0
12200 0.047 0.0135 0.004 0
12400 0.0498 0.0126 0.004 0
12600 0.0491 0.0125 0.0039 0
12800 0.0509 0.0128 0.0029 0
13000 0.0484 0.0133 0.0041 0
13200 0.0543 0.0137 0.0042 0
13400 0.0543 0.0143 0.0045 0
13600 0.0585 0.0152 0.0053 0
13800 0.0634 0.0149 0.0048 0
14000 0.0645 0.0128 0.0052 0
14200 0.0823 0.0168 0.005 0
14400 0.0691 0.0185 0.0056 0
14600 0.0703 0.0176 0.0056 0
14800 0.0729 0.0175 0.0056 0
15000 0.0714 0.0179 0.0055 0
15200 0.0728 0.0158 0.0056 0
15400 0.0704 0.0199 0.0066 0
15600 0.0789 0.0168 0.0081 0
15800 0.0878 0.0208 0.0067 0
16000 0.0831 0.0202 0.0058 0
16200 0.0822 0.0211 0.007 0
16400 0.0831 0.022 0.007 0
16600 0.0902 0.0209 0.0072 0
16800 0.1134 0.0268 0.0075 0
17000 0.1126 0.0286 0.0093 0
17200 0.1251 0.0344 0.0105 0
17400 0.1337 0.0154 0.0056 0
17600 0.1094 0.0325 0.0094 0
17800 0.1125 0.0376 0.0112 0
18000 0.1339 0.0348 0.0087 0
18200 0.0984 0.0239 0.0086 0
18400 0.1427 0.0303 0.01 0
18600 0.1292 0.0324 0.0108 0
18800 0.1703 0.0391 0.0091 0
19000 0.1304 0.0261 0.0087 0
19200 0.1381 0.041 0.0065 0
19400 0.1483 0.0356 0.0183 0
19600 0.1836 0.0241 0.011 0
19800 0.1555 0.0378 0.0134 0
20000 0.1234 0.0298 0.0086 0
20200 0.1304 0.0278 0.0102 0
20400 0.1658 0.0234 0.0079 0
20600 0.1535 0.0324 0.018 0
20800 0.222 0.0359 0.0113 0
21000 0.152 0.0327 0.011 0
21200 0.1517 0.0292 0.0063 0
21400 0.1504 0.0351 0.0118 0
21600 0.154 0.0289 0.0085 0
21800 0.1635 0.0366 0.0115 0
22000 0.1723 0.0388 0.0135 0
22200 0.1722 0.0366 0.0112 0
22400 0.1579 0.0354 0.0133 0
22600 0.1676 0.0357 0.0127 0
22800 0.1704 0.0386 0.0119 0
23000 0.1832 0.0407 0.0119 0
23200 0.182 0.0387 0.0136 0
23400 0.1761 0.042 0.012 0
23600 0.1904 0.0453 0.0148 0
23800 0.1909 0.0401 0.0145 0
24000 0.1965 0.0423 0.0142 0
24200 0.1915 0.0436 0.0143 0
24400 0.2093 0.0504 0.0122 0
24600 0.2231 0.0422 0.0142 0
24800 0.1974 0.0476 0.0163 0
25000 0.2176 0.047 0.0157 0
25200 0.2289 0.0516 0.0173 0
25400 0.2304 0.0517 0.0184 0
25600 0.2196 0.0497 0.0173 0
25800 0.2217 0.0498 0.0173 0
26000 0.2263 0.0537 0.0167 0
26200 0.2221 0.0562 0.0178 0
26400 0.2399 0.0534 0.0177 0
26600 0.2347 0.0525 0.0171 0
26800 0.2495 0.0556 0.0174 0
27000 0.2621 0.0522 0.0161 0
27200 0.2188 0.0432 0.0131 0
27400 0.2428 0.0311 0.012 0
27600 0.2575 0.0648 0.0231 0
27800 0.2702 0.055 0.0128 0
28000 0.2405 0.0444 0.0167 0
28200 0.2323 0.0603 0.0196 0
28400 0.2785 0.0592 0.0195 0
28600 0.2867 0.0605 0.0214 0
28800 0.2717 0.0512 0.0233 0
29000 0.3048 0.0518 0.0218 0
29200 0.3197 0.0691 0.0211 0
29400 0.3057 0.0591 0.0209 0
29600 0.2765 0.0621 0.0221 0
29800 0.3127 0.0585 0.0142 0
30000 0.3684 0.0547 0.024 0
30200 0.2832 0.0632 0.0261 0
30400 0.337 0.0607 0.0212 0
30600 0.2965 0.0608 0.0221 0
30800 0.339 0.0674 0.0239 0
31000 0.2927 0.061 0.023 0
31200 0.3019 0.0726 0.0178 0
31400 0.3263 0.0764 0.0256 0
31600 0.3497 0.0765 0.0265 0
31800 0.3659 0.0733 0.0241 0
32000 0.3704 0.076 0.0268 0
32200 0.3539 0.076 0.0251 0
32400 0.3539 0.0733 0.0267 0
32600 0.3659 0.0775 0.0221 0
32800 0.3562 0.0788 0.0263 0
33000 0.3777 0.0744 0.0259 0
33200 0.3544 0.0807 0.027 0
33400 0.3782 0.0823 0.0277 0
33600 0.391 0.0832 0.0257 0
33800 0.3772 0.0841 0.0282 0
34000 0.3963 0.0842 0.0241 0
34200 0.405 0.0791 0.0312 0
34400 0.3952 0.0744 0.0269 0
34600 0.3731 0.0541 0.0227 0
34800 0.4001 0.0814 0.0284 0
35000 0.3906 0.0903 0.0287 0
35200 0.4084 0.087 0.0328 0
35400 0.4179 0.0912 0.029 0
35600 0.4095 0.0936 0.0317 0
35800 0.3779 0.0951 0.0322 0
36000 0.4102 0.0779 0.0309 0
36200 0.4233 0.0939 0.034 0
36400 0.4058 0.0787 0.0287 0
36600 0.4708 0.1046 0.0338 0
36800 0.5014 0.085 0.0364 0
37000 0.5476 0.1321 0.0522 0
37200 0.492 0.1004 0.0334 0
37400 0.4548 0.1048 0.0323 0
37600 0.4807 0.1039 0.0293 0
37800 0.4844 0.1055 0.035 0
38000 0.4768 0.0967 0.0334 0
38200 0.4686 0.1079 0.0285 0
38400 0.5194 0.1059 0.0362 0
38600 0.4789 0.1052 0.0397 0
38800 0.5369 0.1112 0.037 0
39000 0.5301 0.1116 0.0372 0
39200 0.3636 0.1085 0.0397 0
39400 0.5055 0.1027 0.0382 0
39600 0.5522 0.0947 0.036 0
39800 0.585 0.111 0.0358 0
40000 0.5633 0.1059 0.0398 0
40200 0.5776 0.117 0.0372 0
40400 0.562 0.1218 0.0388 0
40600 0.4564 0.0998 0.0306 0
40800 0.5686 0.1217 0.0405 0
41000 0.6006 0.1211 0.0363 0
41200 0.5619 0.144 0.0391 0
41400 0.6627 0.1085 0.0345 0
41600 0.7781 0.1327 0.0393 0
41800 0.6156 0.1252 0.0429 0
42000 0.614 0.1291 0.0424 0
42200 0.5872 0.113 0.04 0
42400 0.6206 0.1299 0.044 0
42600 0.6485 0.136 0.0447 0
42800 0.6529 0.1262 0.0443 0
43000 0.4395 0.129 0.047 0
43200 0.685 0.1396 0.0469 0
43400 0.6234 0.1417 0.0563 0
43600 0.6465 0.1369 0.0445 0
43800 0.6556 0.1335 0.0458 0
44000 0.6412 0.1389 0.0445 0
44200 0.6772 0.1372 0.0416 0
44400 0.6659 0.1367 0.0474 0
44600 0.4294 0.0643 0.0211 0
44800 0.3176 0.0665 0.0207 0
45000 0.3031 0.0635 0.0215 0
45200 0.3117 0.0629 0.0207 0
45400 0.3084 0.0625 0.0213 0
45600 0.3099 0.0637 0.0209 0
45800 0.3128 0.0644 0.0217 0
46000 0.3157 0.0648 0.0214 0
46200 0.3232 0.0647 0.0214 0
46400 0.3203 0.0657 0.022 0
46600 0.3228 0.0662 0.0224 0
46800 0.3249 0.0665 0.0219 0
47000 0.3301 0.0668 0.0222 0
47200 0.3307 0.0686 0.0228 0
47400 0.3346 0.0692 0.0228 0
47600 0.3375 0.0684 0.0228 0
47800 0.3375 0.0694 0.0229 0
48000 0.3428 0.0697 0.0229 0
48200 0.3477 0.0708 0.0236 0
48400 0.348 0.0719 0.0238 0
48600 0.3508 0.0714 0.0237 0
48800 0.3534 0.0725 0.0243 0
49000 0.3568 0.0733 0.0243 0
49200 0.3585 0.0735 0.0241 0
49400 0.3622 0.0734 0.0245 0
49600 0.3645 0.0747 0.0249 0
49800 0.3704 0.075 0.0253 0
50000 0.3807 0.0765 0.0247 0
50200 0.3765 0.0769 0.0253 0
50400 0.3783 0.0799 0.0258 0
50600 0.3808 0.0778 0.0256 0
50800 0.3857 0.0786 0.0256 0
51000 0.3866 0.0789 0.0261 0
51200 0.3924 0.0798 0.0263 0
51400 0.3936 0.0812 0.0268 0
51600 0.3955 0.0808 0.0265 0
51800 0.4005 0.081 0.0271 0
52000 0.4026 0.082 0.028 0
52200 0.4058 0.0836 0.0274 0
52400 0.4128 0.0836 0.0281 0
52600 0.4201 0.0833 0.0277 0
52800 0.4154 0.0854 0.029 0
53000 0.4177 0.1025 0.0453 0
53200 0.6493 0.1249 0.0372 0
53400 0.944 0.1172 0.0384 0
53600 0.5682 0.1853 0.0387 0
53800 0.6052 0.1015 0.0356 0
54000 0.4586 0.0914 0.0323 0
54200 0.4729 0.1005 0.0314 0
54400 0.4459 0.0901 0.0293 0
54600 0.4515 0.0949 0.03 0
54800 0.4487 0.0918 0.0298 0
55000 0.4499 0.0915 0.0306 0
55200 0.4557 0.0927 0.031 0
55400 0.4597 0.0926 0.0305 0
55600 0.4602 0.0932 0.0308 0
55800 0.4677 0.094 0.0308 0
56000 0.4724 0.0948 0.0316 0
56200 0.4974 0.105 0.0319 0
56400 0.4912 0.0978 0.0314 0
56600 0.4793 0.0969 0.0327 0
56800 0.4813 0.0981 0.0324 0
57000 0.4864 0.0976 0.0331 0
57200 0.4888 0.0989 0.0324 0
57400 0.4894 0.0995 0.0331 0
57600 0.4971 0.0999 0.033 0
57800 0.4969 0.1004 0.0332 0
58000 0.5004 0.1021 0.034 0
58200 0.5053 0.1022 0.034 0
58400 0.5078 0.1029 0.0333 0
58600 0.5134 0.1039 0.0349 0
58800 0.5136 0.1042 0.0348 0
59000 0.5181 0.1051 0.0346 0
59200 0.5208 0.1051 0.0348 0
59400 0.5255 0.1065 0.0358 0
59600 0.5303 0.1073 0.0348 0
59800 0.5449 0.1073 0.0355 0
60000 0.5376 0.1079 0.0357 0
60200 0.5399 0.1201 0.0356 0
60400 0.5745 0.1201 0.0401 0
60600 0.635 0.122 0.0458 0
60800 0.5855 0.1105 0.0368 0
61000 0.5595 0.1115 0.0372 0
61200 0.5598 0.1122 0.037 0
61400 0.5672 0.1131 0.0378 0
61600 0.6175 0.1226 0.0401 0
61800 0.5776 0.1158 0.039 0
62000 0.5849 0.1266 0.038 0
62200 0.6187 0.1205 0.0398 0
62400 0.6021 0.1201 0.0422 0
62600 0.5862 0.1168 0.0384 0
62800 0.5853 0.1297 0.0409 0
63000 0.687 0.1951 0.0555 0
63200 0.7237 0.1338 0.0402 0
63400 0.6099 0.1271 0.04 0
63600 0.5985 0.1232 0.0419 0
63800 0.6051 0.122 0.0406 0
64000 0.604 0.1236 0.0432 0
64200 0.6505 0.1433 0.0548 0
64400 0.7019 0.1452 0.0429 0
64600 0.6581 0.128 0.0415 0
64800 0.6234 0.1261 0.0411 0
65000 0.6248 0.127 0.0412 0
65200 0.6513 0.1404 0.045 0
65400 0.7594 0.1395 0.0443 0
65600 0.6786 0.1333 0.0435 0
65800 0.7187 0.1428 0.0489 0
66000 0.7511 0.1431 0.046 0
66200 0.7319 0.1368 0.0436 0
66400 0.6545 0.1324 0.0442 0
66600 0.6656 0.1336 0.054 0
66800 0.7558 0.1317 0.0441 0
67000 0.7139 0.1523 0.0564 0
67200 0.7478 0.1514 0.0601 0
67400 0.7608 0.1484 0.0493 0
67600 0.7149 0.1586 0.053 0
67800 0.7253 0.1386 0.0452 0
68000 0.7417 0.1456 0.0583 0
68200 0.7387 0.1471 0.048 0
68400 0.7372 0.1444 0.0491 0
68600 0.7054 0.1405 0.0468 0
68800 0.6971 0.1419 0.0473 0
69000 0.7193 0.1557 0.0544 0
69200 0.7555 0.1466 0.0515 0
69400 0.8975 0.1599 0.0486 0
69600 0.7622 0.1523 0.0494 0
69800 0.7494 0.1446 0.0512 0
70000 0.7253 0.1452 0.0473 0
70200 0.734 0.1465 0.0478 0
70400 0.7334 0.1518 0.0485 0
70600 0.791 0.1759 0.0527 0
70800 0.7773 0.1761 0.0514 0
71000 0.8243 0.1592 0.0494 0
71200 0.8363 0.1547 0.0535 0
71400 0.8245 0.1714 0.05 0
71600 0.7765 0.1707 0.0506 0
71800 0.8213 0.1612 0.0503 0
72000 0.7821 0.1638 0.0501 0
72200 0.781 0.1612 0.0517 0
72400 0.782 0.1565 0.0529 0
72600 0.7956 0.1578 0.0508 0
72800 0.7932 0.1591 0.0524 0
73000 0.7946 0.1608 0.0517 0
73200 0.8035 0.1569 0.0537 0
73400 0.8492 0.175 0.0517 0
73600 0.8381 0.1586 0.0526 0
73800 0.8253 0.1776 0.0551 0
74000 0.8245 0.1724 0.059 0
74200 0.8724 0.1712 0.0528 0
74400 0.8362 0.1928 0.0614 0
74600 0.8196 0.1631 0.0528 0
74800 0.8276 0.1721 0.0538 0
75000 0.841 0.1673 0.054 0
75200 0.8347 0.171 0.0552 0
75400 0.8558 0.1734 0.0552 0
75600 0.883 0.1749 0.0541 0
75800 0.8945 0.1829 0.0635 0
76000 0.9019 0.1732 0.063 0
76200 0.9755 0.2133 0.0686 0
76400 0.8746 0.1802 0.0578 0
76600 0.8673 0.1775 0.0578 0
76800 0.8906 0.1803 0.0581 0
77000 0.8831 0.1807 0.058 0
77200 0.8828 0.1819 0.0582 0
77400 0.8824 0.1836 0.0588 0
77600 0.8907 0.183 0.0592 0
77800 0.8951 0.1838 0.0591 0
78000 0.8984 0.1841 0.0597 0
78200 0.901 0.1864 0.0607 0
78400 0.9099 0.1867 0.0599 0
78600 0.9103 0.188 0.0603 0
78800 0.9242 0.1886 0.0605 0
79000 0.9178 0.1908 0.0612 0
79200 0.9531 0.1904 0.0602 0
79400 0.9781 0.203 0.0615 0
79600 1.0319 0.1924 0.0607 0
79800 0.9814 0.192 0.0613 0
80000 0.9478 0.1933 0.0616 0
80200 0.9492 0.1942 0.0624 0
80400 0.9577 0.1949 0.0619 0
80600 0.9586 0.1966 0.0621 0
80800 0.9633 0.1972 0.0629 0
81000 0.97 0.1981 0.0632 0
81200 0.9728 0.1995 0.0635 0
81400 0.9787 0.1999 0.0632 0
81600 0.989 0.2002 0.0633 0
81800 0.9888 0.2015 0.0639 0
82000 0.9939 0.2033 0.065 0
82200 0.9985 0.2038 0.0643 0
82400 1.0022 0.2037 0.0647 0
82600 1.006 0.2063 0.0659 0
82800 1.0155 0.206 0.0654 0
83000 1.0221 0.2077 0.0654 0
83200 1.0203 0.2082 0.0664 0
83400 1.0254 0.2122 0.0669 0
83600 1.0902 0.216 0.0739 0
83800 1.0438 0.212 0.0668 0
84000 1.0414 0.2121 0.0676 0
84200 1.0454 0.2134 0.0683 0
84400 1.1521 0.2169 0.0688 0
84600 1.059 0.2191 0.0701 0
84800 1.0631 0.2177 0.0698 0
85000 1.0692 0.2208 0.0722 0
85200 1.0699 0.2205 0.0712 0
85400 1.082 0.22 0.0707 0
85600 1.0822 0.2225 0.0707 0
85800 1.0882 0.2227 0.0717 0
86000 1.0937 0.2232 0.0718 0
86200 1.1405 0.2262 0.0724 0
86400 1.1012 0.2258 0.0729 0
86600 1.1095 0.2342 0.0728 0
86800 1.1156 0.2281 0.0742 0
87000 1.1172 0.2282 0.0732 0
87200 1.1263 0.2292 0.0739 0
87400 1.1288 0.2294 0.0747 0
87600 1.1369 0.2331 0.0741 0
87800 1.1397 0.3047 0.0772 0
88000 1.1596 0.2342 0.0767 0
88200 1.1498 0.2345 0.0759 0
88400 1.1529 0.2368 0.0752 0
88600 1.1605 0.2382 0.0769 0
88800 1.1668 0.2383 0.0772 0
89000 1.1714 0.2387 0.0765 0
89200 1.1862 0.2403 0.0782 0
89400 1.1816 0.2413 0.0776 0
89600 1.1858 0.2422 0.0783 0
89800 1.1998 0.244 0.0787 0
90000 1.1972 0.2445 0.0786 0
90200 1.2041 0.248 0.079 0
90400 1.2073 0.2465 0.0806 0
90600 1.2153 0.2479 0.0801 0
90800 1.2182 0.2482 0.0801 0
91000 1.2228 0.2503 0.0809 0
91200 1.2318 0.2504 0.0813 0
91400 1.2347 0.2526 0.0812 0
91600 1.2418 0.2533 0.0813 0
91800 1.2553 0.254 0.081 0
92000 1.2541 0.2542 0.0823 0
92200 1.2593 0.2554 0.0827 0
92400 1.2642 0.2566 0.0814 0
92600 1.309 0.2573 0.082 0
92800 1.2716 0.2578 0.0829 0
93000 1.2793 0.2591 0.0858 0
93200 1.282 0.2603 0.0843 0
93400 1.2896 0.2625 0.0848 0
93600 1.293 0.2622 0.0841 0
93800 1.2969 0.2659 0.0845 0
94000 1.3031 0.2651 0.0852 0
94200 1.3119 0.266 0.0845 0
94400 1.316 0.2665 0.0863 0
94600 1.325 0.2698 0.0861 0
94800 1.326 0.2689 0.0862 0
95000 1.3333 0.2696 0.0873 0
95200 1.3365 0.2727 0.088 0
95400 1.3422 0.2749 0.0878 0
95600 1.3601 0.2775 0.0885 0
95800 1.3551 0.2749 0.0886 0
96000 1.3614 0.275 0.0885 0
96200 1.365 0.2771 0.0902 0
96400 1.3705 0.2771 0.0887 0
96600 1.3816 0.2803 0.0906 0
96800 1.3884 0.2788 0.0911 0
97000 1.3887 0.2809 0.0909 0
97200 1.4 0.2816 0.0911 0
97400 1.4037 0.2837 0.0914 0
97600 1.4025 0.2848 0.0924 0
97800 1.4107 0.2862 0.0922 0
98000 1.4196 0.287 0.0931 0
98200 1.4268 0.2883 0.0931 0
98400 1.4755 0.3237 0.1094 0
98600 1.5165 0.3404 0.1156 0
98800 1.5772 0.2932 0.0954 0
99000 1.634 0.2903 0.0937 0
99200 1.4522 0.2894 0.0949 0
99400 1.5013 0.2887 0.0939 0
99600 1.4868 0.2937 0.0956 0
99800 1.4827 0.2922 0.0954 0
100000 1.4759 0.2952 0.0955 0
100200 1.4784 0.2933 0.0961 0
100400 1.4881 0.2954 0.0973 0
100600 1.5326 0.2968 0.0967 0
100800 1.5815 0.299 0.0969 0
101000 1.5024 0.2996 0.0974 0
101200 1.5063 0.3024 0.0978 0
101400 1.5136 0.3008 0.0986 0
101600 1.5265 0.302 0.0989 0
101800 1.535 0.303 0.1 0
102000 1.5457 0.3041 0.1007 0
102200 1.5414 0.3104 0.1005 0
102400 1.5505 0.309 0.1006 0
102600 1.5675 0.3562 0.1013 0
102800 1.5978 0.3127 0.1016 0
103000 1.6294 0.3804 0.1307 0
103200 1.7647 0.3386 0.1096 0
103400 1.7858 0.3394 0.1095 0
103600 1.7155 0.3546 0.132 0.0002
103800 1.9299 0.3824 0.1141 0
104000 1.7301 0.3498 0.1127 0
104200 1.7444 0.349 0.1131 0
104400 1.7506 0.3518 0.1125 0
104600 1.7578 0.352 0.1144 0
104800 1.7722 0.3545 0.1139 0
105000 1.763 0.3553 0.1149 0
105200 1.7919 0.357 0.1149 0
105400 1.7803 0.3568 0.116 0
105600 1.8056 0.3584 0.1167 0
105800 1.8583 0.4703 0.2119 0
106000 2.2567 0.4647 0.1626 0
106200 2.2147 0.4385 0.1449 0
106400 2.185 0.4249 0.1385 0
106600 2.1002 0.4176 0.1399 0
106800 2.0913 0.4121 0.1426 0
107000 2.1024 0.4201 0.1395 0
107200 2.0414 0.4079 0.1189 0
107400 1.9155 0.5063 0.132 0
107600 2.3833 0.4241 0.1539 0
107800 2.2198 0.515 0.1649 0
108000 2.0378 0.3774 0.1207 0
108200 1.8947 0.3721 0.121 0
108400 1.8888 0.3734 0.1228 0
108600 1.8822 0.3784 0.1214 0
108800 1.8954 0.3794 0.1222 0
109000 1.8945 0.3765 0.1224 0
109200 1.9071 0.379 0.1229 0
109400 1.9078 0.3821 0.1235 0
109600 1.9202 0.383 0.1232 0
109800 1.9314 0.4006 0.1469 0
110000 2.0958 0.3999 0.1285 0
110200 1.9965 0.4298 0.1292 0
110400 2.3215 0.4169 0.1361 0
110600 1.9656 0.3886 0.1251 0
110800 1.9607 0.3901 0.1261 0
111000 2.2559 0.4855 0.1648 0
111200 2.3249 0.4408 0.192 0
111400 2.2026 0.4955 0.1288 0
111600 2.1541 0.4113 0.1318 0
111800 2.0891 0.4074 0.1285 0
112000 2.0152 0.3985 0.1292 0
112200 2.1498 0.4056 0.1426 0
112400 2.0288 0.4021 0.1312 0
112600 2.0311 0.405 0.1333 0
112800 2.0501 0.4146 0.1311 0
113000 2.0466 0.4058 0.1304 0
113200 2.051 0.4507 0.1311 0
113400 2.1506 0.4783 0.1483 0
113600 2.1836 0.4221 0.1373 0
113800 2.2141 0.4163 0.1557 0
114000 2.4477 0.455 0.15 0
114200 2.1178 0.4195 0.1359 0
114400 2.1355 0.427 0.1367 0
114600 2.1284 0.4234 0.1361 0
114800 2.1351 0.4265 0.1366 0
115000 2.1393 0.429 0.1377 0
115200 2.1487 0.429 0.1376 0
115400 2.1514 0.4327 0.1384 0
115600 2.1567 0.4304 0.1386 0
115800 2.1698 0.5184 0.1551 0
116000 2.2196 0.4331 0.1402 0
116200 2.2109 0.4349 0.144 0
116400 2.1996 0.439 0.1394 0
116600 2.1934 0.4417 0.1451 0
116800 2.2189 0.4437 0.1463 0
117000 2.2078 0.4429 0.1424 0
117200 2.225 0.4429 0.1428 0
117400 2.2229 0.4478 0.1421 0
117600 2.236 0.4466 0.1429 0
117800 2.2529 0.463 0.1454 0
118000 2.2511 0.4476 0.145 0
118200 2.258 0.4543 0.1458 0
118400 2.3323 0.4659 0.1475 0
118600 2.4552 0.463 0.1457 0
118800 2.2804 0.4554 0.1487 0
119000 2.2949 0.4573 0.1486 0
119200 2.3013 0.4613 0.1477 0
119400 2.3011 0.4602 0.1483 0
119600 2.3074 0.459 0.1479 0
119800 2.3116 0.4635 0.1482 0
120000 2.3216 0.4671 0.15 0
120200 2.3383 0.541 0.1551 0
120400 2.3401 0.4669 0.152 0
120600 2.3557 0.4677 0.1518 0
120800 2.4863 0.4705 0.1548 0
121000 2.3718 0.4748 0.1549 0
121200 2.372 0.473 0.1543 0
121400 2.3818 0.4785 0.1566 0
121600 2.3922 0.4778 0.1563 0
121800 2.4056 0.4781 0.1564 0
122000 2.4109 0.4826 0.157 0
122200 2.4072 0.4802 0.1593 0
122400 2.4974 0.4821 0.1582 0
122600 2.4342 0.4987 0.1594 0
122800 2.4463 0.4865 0.1647 0
123000 2.4473 0.4908 0.1601 0
123200 2.4623 0.4887 0.1646 0
123400 2.4599 0.4906 0.1665 0
123600 2.4682 0.4934 0.1606 0
123800 2.4731 0.4937 0.1621 0
124000 2.486 0.4933 0.1637 0
124200 2.4958 0.4993 0.1629 0
124400 2.4907 0.5001 0.1639 0
124600 2.5123 0.5006 0.1651 0
124800 2.5128 0.5022 0.1643 0
125000 2.5182 0.504 0.1697 0
125200 2.5362 0.5063 0.1658 0
125400 2.5516 0.509 0.1666 0
125600 2.5384 0.5054 0.179 0
125800 2.603 0.5102 0.1669 0
126000 2.6107 0.5345 0.1972 0
126200 2.6317 0.5212 0.1684 0
126400 2.5908 0.5234 0.1688 0
126600 2.604 0.5161 0.1708 0
126800 2.5996 0.5198 0.1693 0
127000 2.6376 0.5228 0.1921 0
127200 2.7235 0.5222 0.1718 0
127400 2.6184 0.5246 0.1708 0
127600 2.6319 0.5283 0.173 0
127800 2.6329 0.5265 0.172 0
128000 2.6603 0.5288 0.1727 0
128200 2.6514 0.5331 0.1747 0
128400 2.6674 0.5339 0.1775 0
128600 2.8101 0.5316 0.175 0
128800 2.6856 0.539 0.1761 0
129000 2.6909 0.5392 0.1774 0
129200 2.7042 0.5509 0.1768 0
129400 2.7164 0.5409 0.1781 0
129600 2.7206 0.555 0.1811 0
129800 2.7314 0.5459 0.1828 0
130000 2.7626 0.5462 0.1792 0
130200 2.741 0.5466 0.1804 0
130400 2.7512 0.5468 0.1787 0
130600 2.7833 0.5973 0.1834 0
130800 2.7774 0.5563 0.1808 0
131000 2.7755 0.5524 0.1846 0
131200 2.7831 0.5563 0.1844 0
131400 2.799 0.5588 0.188 0
131600 2.962 0.6207 0.1843 0
131800 2.8838 0.5617 0.1853 0
132000 2.8409 0.5632 0.1851 0
132200 2.8232 0.5646 0.1868 0
132400 2.8334 0.5649 0.1857 0
132600 2.8433 0.566 0.1871 0
132800 2.8597 0.5715 0.1904 0
133000 2.8753 0.5714 0.1877 0
133200 2.939 0.5744 0.1874 0
133400 2.9049 0.5793 0.1897 0
133600 2.9005 0.5778 0.1891 0
133800 2.8951 0.5758 0.1884 0
134000 2.9013 0.5784 0.1949 0
134200 3.0605 0.5798 0.1907 0
134400 2.9236 0.5819 0.1938 0
134600 2.9343 0.5919 0.1932 0
134800 2.945 0.586 0.1937 0
135000 2.9461 0.5877 0.1937 0
135200 2.9665 0.5933 0.1935 0
135400 2.9653 0.5906 0.1947 0
135600 3.0577 0.5953 0.1945 0
135800 2.9966 0.598 0.1949 0
136000 2.9979 0.5956 0.1974 0
136200 3.0159 0.6067 0.197 0
136400 3.0565 0.6019 0.204 0
136600 3.0308 0.6091 0.2005 0
136800 3.0289 0.6032 0.198 0
137000 3.0407 0.6054 0.204 0
137200 3.0428 0.6054 0.2005 0
137400 3.0809 0.6116 0.2001 0
137600 3.0597 0.6067 0.2007 0
137800 3.0639 0.614 0.2021 0
138000 3.0744 0.6111 0.2016 0
138200 3.0886 0.6216 0.2031 0
138400 3.1063 0.6196 0.2028 0
138600 3.1126 0.6192 0.203 0
138800 3.1073 0.6216 0.2066 0
139000 3.122 0.6221 0.2051 0
139200 3.1298 0.6233 0.2056 0
139400 3.1357 0.6277 0.2048 0
139600 3.1586 0.6284 0.2064 0
139800 3.1536 0.63 0.2063 0
140000 3.1976 0.6309 0.2075 0
140200 3.2229 0.6331 0.2097 0
140400 3.2016 0.6327 0.2082 0
140600 3.2994 0.6381 0.2146 0
140800 3.2111 0.6387 0.2104 0
141000 3.2035 0.642 0.2119 0
141200 3.3005 0.6568 0.2474 0
141400 3.4375 0.6576 0.2268 0
141600 3.3064 0.6487 0.2195 0
141800 3.2242 0.6392 0.207 0
142000 3.4092 0.7038 0.2311 0
142200 3.6525 0.7231 0.2367 0
142400 3.6684 0.7203 0.2484 0
142600 3.6757 0.6572 0.2136 0
142800 3.5552 0.7146 0.2328 0
143000 3.6235 0.7282 0.2656 0
143200 3.5615 0.7077 0.2283 0
143400 3.5326 0.7114 0.2341 0
143600 3.5821 0.7208 0.2474 0
143800 3.6248 0.7505 0.2429 0
144000 3.6917 0.7313 0.2458 0
144200 3.7735 0.6978 0.2197 0
144400 3.6936 0.7732 0.2722 0
144600 3.7449 0.6772 0.2183 0
144800 3.6292 0.7164 0.2325 0
145000 3.6912 0.8055 0.2621 0
145200 3.621 0.7057 0.2593 0
145400 3.6769 0.6708 0.2183 0
145600 3.8802 0.7193 0.2535 0
145800 3.7274 0.7229 0.254 0
146000 3.6946 0.6853 0.2284 0
146200 3.6944 0.7278 0.237 0
146400 3.9721 0.705 0.2239 0
146600 3.7114 0.7296 0.2379 0
146800 3.7051 0.7661 0.2306 0
147000 3.7542 0.7568 0.2404 0
147200 3.8497 0.8108 0.2311 0
147400 3.8052 0.738 0.2254 0
147600 3.7185 0.811 0.2502 0
147800 3.8682 0.7449 0.2342 0
148000 3.8404 0.7375 0.2831 0
148200 3.7586 0.7087 0.2279 0
148400 3.7866 0.8008 0.2363 0
148600 3.7967 0.7232 0.2452 0
148800 3.7604 0.7571 0.2536 0
149000 3.8061 0.7226 0.2433 0
149200 3.7843 0.7239 0.2378 0
149400 3.7484 0.7086 0.2389 0
149600 3.7354 0.7343 0.2839 0
149800 3.8509 0.7839 0.2505 0
150000 4.0208 0.7721 0.2483 0