512

0
-0.006273389954418
-0.004592440182326
-0.005042849316276
-0.004922162552570
-0.004954500473442
-0.004945835553660
-0.004948157311918
-0.004947535198669
-0.004947701893406
-0.004947657227707
-0.004947669195766
-0.004947665989229
-0.004947666847319
-0.004947666621496
-0.004947666666698
-0.004947666666698
-0.004947666666698
-0.004947666666698
-0.004947666666698
-0.004947666666698
-0.004947666666698
-0.004947666666698
-0.004947666666698
-0.004947666666698
-0.004947666666698
-0.004947666666698
-0.004947666666698
-0.004947666666698
-0.004947666666698
-0.004947666666698
-0.004947666666698
-0.004947666666698
-0.004947666666698
-0.004947666666698
-0.004947666666698
-0.004947666666698
-0.004947666666698
-0.004947666666698
-0.004947666666698
-0.004947666666698
-0.004947666666698
-0.004947666666698
-0.004947666666698
-0.004947666666698
-0.004947666666698
-0.004947666666698
-0.004947666666698
-0.004947666666698
-0.004947666666698
-0.004947666666698
-0.004947666666698
-0.004947666666698
-0.004947666666698
-0.004947666666698
-0.004947666666698
-0.004947666666698
-0.004947666666698
-0.004947666666698
-0.004947666666698
-0.004947666666698
-0.004947666666698
-0.004947666666698
-0.004947666666698
-0.004947666666698
-0.004947666666698
-0.004947666666698
-0.004947666666698
-0.004947666666698
-0.004947666666698
-0.004947666666698
-0.004947666666698
-0.004947666666698
-0.004947666666698
-0.004947666666698
-0.004947666666698
-0.004947666666698
-0.004947666666698
-0.004947666666698
-0.004947666666698
-0.004947666666698
-0.004947666666698
-0.004947666666698
-0.004947666666698
-0.004947666666698
-0.004947666666698
-0.004947666666698
-0.004947666666698
-0.004947666666698
-0.004947666666698
-0.004947666666698
-0.004947666666698
-0.004947666666698
-0.004947666666698
-0.004947666666698
-0.004947666666698
-0.004947666666698
-0.004947666666698
-0.004947666666698
-0.004947666666698
-0.004947666666698
-0.004947666666698
-0.004947666666698
-0.004947666666698
-0.004947666666698
-0.004947666666698
-0.004947666666698
-0.004947666666698
-0.004947666666698
-0.004947666666698
-0.004947666666698
-0.004947666666698
-0.004947666666698
-0.004947666666698
-0.004947666666698
-0.004947666666698
-0.004947666666698
-0.004947666666698
-0.004947666666698
-0.004947666666698
-0.004947666666698
-0.004947666666698
-0.004947666666698
-0.004947666666698
-0.004947666666698
-0.004947666666698
-0.004947666666698
-0.004947666666698
-0.004947666666698
-0.004947666666698
-0.004947666666698
-0.004947666666698
-0.004947666666698
-0.004947666666698
-0.004947666666698
-0.004947666666698
-0.004947666666698
-0.004947666666698
-0.004947666666698
-0.004947666666698
-0.004947666666698
-0.004947666666698
-0.004947666666698
-0.004947666666698
-0.004947666666698
-0.004947666666698
-0.004947666666698
-0.004947666666698
-0.004947666666698
-0.004947666666698
-0.004947666666698
-0.004947666666698
-0.004947666666698
-0.004947666666698
-0.004947666666698
-0.004947666666698
-0.004947666666698
-0.004947666666698
-0.004947666666698
-0.004947666666698
-0.004947666666698
-0.004947666666698
-0.004947666666698
-0.004947666666698
-0.004947666666698
-0.004947666666698
-0.004947666666698
-0.004947666666698
-0.004947666666698
-0.004947666666698
-0.004947666666698
-0.004947666666698
-0.004947666666698
-0.004947666666698
-0.004947666666698
-0.004947666666698
-0.004947666666698
-0.004947666666698
-0.004947666666698
-0.004947666666698
-0.004947666666698
-0.004947666666698
-0.004947666666698
-0.004947666666698
-0.004947666666698
-0.004947666666698
-0.004947666666698
-0.004947666666698
-0.004947666666698
-0.004947666666698
-0.004947666666698
-0.004947666666698
-0.004947666666698
-0.004947666666698
-0.004947666666698
-0.004947666666698
-0.004947666666698
-0.004947666666698
-0.004947666666698
-0.004947666666698
-0.004947666666698
-0.004947666666698
-0.004947666666698
-0.004947666666698
-0.004947666666698
-0.004947666666698
-0.004947666666698
-0.004947666666698
-0.004947666666698
-0.004947666666698
-0.004947666666698
-0.004947666666698
-0.004947666666698
-0.004947666666698
-0.004947666666698
-0.004947666666698
-0.004947666666698
-0.004947666666698
-0.004947666666698
-0.004947666666698
-0.004947666666698
-0.004947666666698
-0.004947666666698
-0.004947666666698
-0.004947666666698
-0.004947666666698
-0.004947666666698
-0.004947666666698
-0.004947666666698
-0.004947666666698
-0.004947666666698
-0.004947666666698
-0.004947666666698
-0.004947666666698
-0.004947666666698
-0.004947666666698
-0.004947666666698
-0.004947666666698
-0.004947666666698
-0.004947666666698
-0.004947666666698
-0.004947666666698
-0.004947666666698
-0.004947666666698
-0.004947666666698
-0.004947666666698
-0.004947666666698
-0.004947666666698
-0.004947666666698
-0.004947666666698
-0.004947666666698
-0.004947666666698
-0.004947666666698
-0.004947666666698
-0.004947666666698
-0.004947666666698
-0.004947666666698
-0.004947666666698
-0.004947666666698
-0.004947666666698
-0.004947666666698
-0.004947666666698
-0.004947666666698
-0.004947666666698
-0.004947666666698
-0.004947666666698
-0.004947666666698
-0.004947666666698
-0.004947666666698
-0.004947666666698
-0.004947666666698
-0.004947666666698
-0.004947666666698
-0.004947666666698
-0.004947666666698
-0.004947666666698
-0.004947666666698
-0.004947666666698
-0.004947666666698
-0.004947666666698
-0.004947666666698
-0.004947666666698
-0.004947666666698
-0.004947666666698
-0.004947666666698
-0.004947666666698
-0.004947666666698
-0.004947666666698
-0.004947666666698
-0.004947666666698
-0.004947666666698
-0.004947666666698
-0.004947666666698
-0.004947666666698
-0.004947666666698
-0.004947666666698
-0.004947666666698
-0.004947666666698
-0.004947666666698
-0.004947666666698
-0.004947666666698
-0.004947666666698
-0.004947666666698
-0.004947666666698
-0.004947666666698
-0.004947666666698
-0.004947666666698
-0.004947666666698
-0.004947666666698
-0.004947666666698
-0.004947666666698
-0.004947666666698
-0.004947666666698
-0.004947666666698
-0.004947666666698
-0.004947666666698
-0.004947666666698
-0.004947666666698
-0.004947666666698
-0.004947666666698
-0.004947666666698
-0.004947666666698
-0.004947666666698
-0.004947666666698
-0.004947666666698
-0.004947666666698
-0.004947666666698
-0.004947666666698
-0.004947666666698
-0.004947666666698
-0.004947666666698
-0.004947666666698
-0.004947666666698
-0.004947666666698
-0.004947666666698
-0.004947666666698
-0.004947666666698
-0.004947666666698
-0.004947666666698
-0.004947666666698
-0.004947666666698
-0.004947666666698
-0.004947666666698
-0.004947666666698
-0.004947666666698
-0.004947666666698
-0.004947666666698
-0.004947666666698
-0.004947666666698
-0.004947666666698
-0.004947666666698
-0.004947666666698
-0.004947666666698
-0.004947666666698
-0.004947666666698
-0.004947666666698
-0.004947666666698
-0.004947666666698
-0.004947666666698
-0.004947666666698
-0.004947666666698
-0.004947666666698
-0.004947666666698
-0.004947666666698
-0.004947666666698
-0.004947666666698
-0.004947666666698
-0.004947666666698
-0.004947666666698
-0.004947666666698
-0.004947666666698
-0.004947666666698
-0.004947666666698
-0.004947666666698
-0.004947666666698
-0.004947666666698
-0.004947666666698
-0.004947666666698
-0.004947666666698
-0.004947666666698
-0.004947666666698
-0.004947666666698
-0.004947666666698
-0.004947666666698
-0.004947666666698
-0.004947666666698
-0.004947666666698
-0.004947666666698
-0.004947666666698
-0.004947666666698
-0.004947666666698
-0.004947666666698
-0.004947666666698
-0.004947666666698
-0.004947666666698
-0.004947666666698
-0.004947666666698
-0.004947666666698
-0.004947666666698
-0.004947666666698
-0.004947666666698
-0.004947666666698
-0.004947666666698
-0.004947666666698
-0.004947666666698
-0.004947666666698
-0.004947666666698
-0.004947666666698
-0.004947666666698
-0.004947666666698
-0.004947666666698
-0.004947666666698
-0.004947666666698
-0.004947666666698
-0.004947666666698
-0.004947666666698
-0.004947666666698
-0.004947666666698
-0.004947666666698
-0.004947666666698
-0.004947666666698
-0.004947666666698
-0.004947666666698
-0.004947666666698
-0.004947666666698
-0.004947666666698
-0.004947666666698
-0.004947666666698
-0.004947666666698
-0.004947666666698
-0.004947666666698
-0.004947666666698
-0.004947666666698
-0.004947666666698
-0.004947666666698
-0.004947666666698
-0.004947666666698
-0.004947666666698
-0.004947666666698
-0.004947666666698
-0.004947666666698
-0.004947666666698
-0.004947666666698
-0.004947666666698
-0.004947666666698
-0.004947666666698
-0.004947666666698
-0.004947666666698
-0.004947666666698
-0.004947666666698
-0.004947666666698
-0.004947666666698
-0.004947666666698
-0.004947666666698
-0.004947666666698
-0.004947666666698
-0.004947666666698
-0.004947666666698
-0.004947666666698
-0.004947666666698
-0.004947666666698
-0.004947666666698
-0.004947666666698
-0.004947666666698
-0.004947666666698
-0.004947666666698
-0.004947666666698
-0.004947666666698
-0.004947666666698
-0.004947666666698
-0.004947666666698
-0.004947666666698
-0.004947666666698
-0.004947666666698
-0.004947666666698
-0.004947666666698
-0.004947666666698
-0.004947666666698
-0.004947666666698
-0.004947666666698
-0.004947666666698
-0.004947666666698
-0.004947666666698
-0.004947666666698
-0.004947666666698
-0.004947666666698
-0.004947666666698
-0.004947666666698
-0.004947666666698
-0.004947666666698
-0.004947666666698
-0.004947666666698
-0.004947666666698
-0.004947666666698
-0.004947666666698
-0.004947666666698
-0.004947666666698
-0.004947666621496
-0.004947666847319
-0.004947665989229
-0.004947669195766
-0.004947657227707
-0.004947701893406
-0.004947535198669
-0.004948157311918
-0.004945835553660
-0.004954500473442
-0.004922162552570
-0.005042849316276
-0.004592440182326
-0.006273389954418
0
