0 3.68e-05
1 3.69e-05
2 3.86e-05
3 3.58e-05
4 3.75e-05
5 4.13e-05
6 4.87e-05
7 4.01e-05
8 5.51e-05
9 4.32e-05
10 3.73e-05
11 4.16e-05
12 4.3e-05
13 4.13e-05
14 4.61e-05
15 4.65e-05
16 3.75e-05
17 4.75e-05
18 4.09e-05
19 4.78e-05
20 4.8e-05
21 4.49e-05
22 4.46e-05
23 4.84e-05
24 4.86e-05
25 4.13e-05
26 6.31e-05
27 4.62e-05
28 4.23e-05
29 4.94e-05
30 4.41e-05
31 4.27e-05
32 4.23e-05
33 6.04e-05
34 5.23e-05
35 5.03e-05
36 6.12e-05
37 4.49e-05
38 4.76e-05
39 6.72e-05
40 5.86e-05
41 4.83e-05
42 6.64e-05
43 5.59e-05
44 5e-05
45 5.94e-05
46 4.95e-05
47 4.99e-05
48 6.39e-05
49 5.16e-05
50 5.24e-05
51 6.59e-05
52 5.41e-05
53 5.38e-05
54 6.58e-05
55 5.45e-05
56 5.3e-05
57 6.52e-05
58 7e-05
59 5.47e-05
60 7.25e-05
61 5.72e-05
62 5.75e-05
63 6.74e-05
64 5.87e-05
65 5.78e-05
66 6.99e-05
67 5.77e-05
68 5.91e-05
69 8.26e-05
70 5.83e-05
71 5.7e-05
72 7.36e-05
73 5.41e-05
74 5.61e-05
75 7.19e-05
76 6.82e-05
77 6.66e-05
78 7.31e-05
79 6.23e-05
80 8.93e-05
81 7.21e-05
82 6.08e-05
83 6.13e-05
84 7.3e-05
85 7.14e-05
86 6.5e-05
87 8.3e-05
88 6.43e-05
89 6.54e-05
90 8.16e-05
91 6.48e-05
92 6.78e-05
93 8.64e-05
94 7.86e-05
95 6.97e-05
96 8.2e-05
97 8.36e-05
98 8.96e-05
99 8.69e-05
100 8.35e-05
101 7.28e-05
102 0.0001067
103 9.26e-05
104 7.59e-05
105 8.68e-05
106 9.58e-05
107 7.5e-05
108 9.07e-05
109 8.81e-05
110 7.62e-05
111 9.57e-05
112 9.35e-05
113 7.8e-05
114 9.05e-05
115 9.07e-05
116 9.38e-05
117 9.66e-05
118 0.0001023
119 8.58e-05
120 9.24e-05
121 9.23e-05
122 0.0001034
123 0.0001083
124 9.62e-05
125 8.55e-05
126 9.94e-05
127 9.69e-05
128 8.57e-05
129 9.96e-05
130 9.74e-05
131 0.0001148
132 0.0001019
133 0.0001007
134 9.42e-05
135 0.0001022
136 0.0001002
137 8.72e-05
138 0.0001039
139 0.0001006
140 9.35e-05
141 0.000104
142 0.0001089
143 9.08e-05
144 0.0001057
145 0.0001103
146 0.0003287
147 0.0001091
148 0.0001094
149 9.63e-05
150 0.00011
151 0.0001057
152 9.67e-05
153 0.0001098
154 0.0001077
155 9.6e-05
156 0.0001224
157 0.000114
158 9.75e-05
159 0.0001139
160 0.0001112
161 9.91e-05
162 0.0001188
163 0.0001129
164 0.000128
165 0.0001269
166 0.000114
167 9.95e-05
168 0.0001498
169 0.0001136
170 0.0001022
171 0.0001154
172 0.0001139
173 0.0001051
174 0.000115
175 0.0001165
176 0.0001034
177 0.0001193
178 0.0001182
179 0.000127
180 0.0001225
181 0.0001181
182 0.0001206
183 0.0001157
184 0.000116
185 0.0001155
186 0.000116
187 0.0001189
188 0.0001171
189 0.0001342
190 0.000119
191 0.0001179
192 0.0001214
193 0.0001173
194 0.0001197
195 0.0001277
196 0.0001212
197 0.000109
198 0.0001299
199 0.0001289
200 0.0001228
201 0.0001316
202 0.0001284
203 0.0001206
204 0.0001262
205 0.0001261
206 0.0001215
207 0.0001279
208 0.0001385
209 0.0001235
210 0.0001274
211 0.0001298
212 0.0001258
213 0.000148
214 0.0001316
215 0.0001307
216 0.0002534
217 0.0001276
218 0.000148
219 0.0001326
220 0.0001963
221 0.0001293
222 0.0001351
223 0.0001325
224 0.0001301
225 0.0001564
226 0.0001352
227 0.0002191
228 0.0001316
229 0.0001468
230 0.0001355
231 0.0001363
232 0.00018
233 0.0001403
234 0.0001364
235 0.0001372
236 0.0001372
237 0.0001545
238 0.0001364
239 0.0001355
240 0.0002033
241 0.0001418
242 0.0001396
243 0.0001417
244 0.0001397
245 0.0001551
246 0.0001682
247 0.0001512
248 0.0001459
249 0.0001441
250 0.0001449
251 0.0001437
252 0.0001444
253 0.0001439
254 0.0001432
255 0.000145
256 0.0001464
257 0.0001459
258 0.0001496
259 0.0001503
260 0.0001649
261 0.0001427
262 0.0001449
263 0.0001437
264 0.0001466
265 0.0001694
266 0.000169
267 0.0001582
268 0.0001562
269 0.0001419
270 0.0001585
271 0.0001654
272 0.0001528
273 0.0001544
274 0.0001578
275 0.0001538
276 0.0001576
277 0.0001563
278 0.0001753
279 0.0001585
280 0.0001563
281 0.0001486
282 0.0001556
283 0.000156
284 0.0001572
285 0.0001996
286 0.0001834
287 0.00016
288 0.0001811
289 0.000159
290 0.0001605
291 0.0001613
292 0.0001623
293 0.00016
294 0.0001623
295 0.000187
296 0.00016
297 0.0001571
298 0.0001676
299 0.000189
300 0.0001621
301 0.0001661
302 0.0001675
303 0.0001871
304 0.0001735
305 0.0001698
306 0.0001821
307 0.0001651
308 0.000163
309 0.0001634
310 0.0001867
311 0.0001866
312 0.0002025
313 0.0001704
314 0.0001671
315 0.000171
316 0.0001697
317 0.0001994
318 0.0001824
319 0.000172
320 0.0001722
321 0.0001972
322 0.0001708
323 0.0001702
324 0.0001755
325 0.0001773
326 0.0001777
327 0.0001921
328 0.0001737
329 0.0001791
330 0.0002035
331 0.0001797
332 0.0001738
333 0.0001788
334 0.0001788
335 0.0001788
336 0.0001791
337 0.0001779
338 0.00018
339 0.0002065
340 0.0001803
341 0.0001786
342 0.000199
343 0.0001849
344 0.000182
345 0.0001963
346 0.0001833
347 0.0001874
348 0.0001988
349 0.0001853
350 0.0001827
351 0.0001901
352 0.0001826
353 0.0001974
354 0.0001866
355 0.0001853
356 0.0001879
357 0.0001863
358 0.0002132
359 0.0001884
360 0.0001903
361 0.0002037
362 0.0001917
363 0.0001917
364 0.0002115
365 0.000196
366 0.0001913
367 0.0001912
368 0.0001915
369 0.0001935
370 0.0001922
371 0.0001926
372 0.0001954
373 0.0002113
374 0.0002086
375 0.0001961
376 0.0001968
377 0.0001935
378 0.0002173
379 0.0001952
380 0.0001966
381 0.0002203
382 0.0001979
383 0.0001988
384 0.0002021
385 0.0002226
386 0.0002131
387 0.0002196
388 0.0002145
389 0.0002039
390 0.000201
391 0.0002002
392 0.0002024
393 0.0002015
394 0.0002072
395 0.0002021
396 0.0002034
397 0.0002043
398 0.0002046
399 0.0002232
400 0.0002095
401 0.0002054
402 0.0002294
403 0.0002054
404 0.0002072
405 0.000206
406 0.000208
407 0.0002253
408 0.0002175
409 0.0002182
410 0.0002492
411 0.0002169
412 0.0002339
413 0.0002258
414 0.0002391
415 0.0002113
416 0.0002274
417 0.0002357
418 0.0002158
419 0.0002293
420 0.0002148
421 0.0002199
422 0.0002319
423 0.0002325
424 0.0002173
425 0.0002178
426 0.0002211
427 0.0002253
428 0.0002169
429 0.0002194
430 0.0002192
431 0.0002216
432 0.0002212
433 0.0002201
434 0.0002187
435 0.0002206
436 0.0002211
437 0.0002263
438 0.0002481
439 0.0002301
440 0.0002227
441 0.0002202
442 0.0002219
443 0.000227
444 0.0002221
445 0.0002552
446 0.000224
447 0.0002252
448 0.000241
449 0.0002222
450 0.0002419
451 0.0002298
452 0.000266
453 0.0002295
454 0.0002366
455 0.0002299
456 0.0002293
457 0.0002303
458 0.0002438
459 0.0002307
460 0.0002501
461 0.0002538
462 0.0002323
463 0.0002543
464 0.0002411
465 0.000242
466 0.0002339
467 0.0002322
468 0.0002327
469 0.0003208
470 0.0002358
471 0.0002469
472 0.0002346
473 0.0002542
474 0.0002378
475 0.0002652
476 0.0002691
477 0.0002516
478 0.0002559
479 0.0002421
480 0.00024
481 0.0002458
482 0.0002662
483 0.0002504
484 0.0002386
485 0.000242
486 0.000244
487 0.0002613
488 0.0002428
489 0.0002648
490 0.0002491
491 0.0002448
492 0.0002628
493 0.0002485
494 0.0002463
495 0.000248
496 0.0002478
497 0.0002478
498 0.0002489
499 0.0002478
