0 7.56e-05
1 3.2e-05
2 3.06e-05
3 2.96e-05
4 2.9e-05
5 2.91e-05
6 2.91e-05
7 2.83e-05
8 3.01e-05
9 2.92e-05
10 2.97e-05
11 2.87e-05
12 4.5e-05
13 2.97e-05
14 2.94e-05
15 2.97e-05
16 3.17e-05
17 3.17e-05
18 3.08e-05
19 3.04e-05
20 3.05e-05
21 3.05e-05
22 2.93e-05
23 2.9e-05
24 3.01e-05
25 2.86e-05
26 2.78e-05
27 2.94e-05
28 3.72e-05
29 3.31e-05
30 2.88e-05
31 2.75e-05
32 2.86e-05
33 2.7e-05
34 2.61e-05
35 2.78e-05
36 2.92e-05
37 2.84e-05
38 2.79e-05
39 2.87e-05
40 2.9e-05
41 2.82e-05
42 2.91e-05
43 2.95e-05
44 3.09e-05
45 2.95e-05
46 2.99e-05
47 3e-05
48 2.98e-05
49 2.92e-05
50 2.94e-05
51 3e-05
52 2.88e-05
53 4.5e-05
54 2.77e-05
55 2.81e-05
56 4.19e-05
57 2.86e-05
58 2.89e-05
59 2.99e-05
60 2.86e-05
61 2.67e-05
62 2.76e-05
63 3.04e-05
64 2.9e-05
65 2.94e-05
66 2.89e-05
67 2.92e-05
68 2.91e-05
69 3.18e-05
70 3.05e-05
71 3.06e-05
72 3.15e-05
73 2.99e-05
74 2.97e-05
75 3.17e-05
76 4.88e-05
77 3.18e-05
78 2.95e-05
79 2.85e-05
80 2.89e-05
81 2.89e-05
82 2.91e-05
83 2.84e-05
84 2.8e-05
85 2.89e-05
86 2.87e-05
87 4.28e-05
88 2.83e-05
89 3.55e-05
90 3.43e-05
91 2.77e-05
92 2.79e-05
93 2.94e-05
94 3.18e-05
95 3.11e-05
96 5.74e-05
97 3.14e-05
98 3.21e-05
99 2.97e-05
100 3.41e-05
101 3.3e-05
102 3.08e-05
103 3.04e-05
104 3.01e-05
105 3.12e-05
106 3.02e-05
107 2.94e-05
108 2.79e-05
109 2.8e-05
110 2.86e-05
111 3.06e-05
112 2.84e-05
113 2.95e-05
114 2.89e-05
115 5.16e-05
116 4.29e-05
117 3.17e-05
118 3.17e-05
119 3.05e-05
120 3.12e-05
121 3.06e-05
122 3.08e-05
123 3.24e-05
124 5.27e-05
125 3.9e-05
126 3.21e-05
127 5.03e-05
128 3.07e-05
129 3.18e-05
130 3e-05
131 3.12e-05
132 2.92e-05
133 2.79e-05
134 2.77e-05
135 2.74e-05
136 2.8e-05
137 2.89e-05
138 2.89e-05
139 2.89e-05
140 2.8e-05
141 3.01e-05
142 2.93e-05
143 2.88e-05
144 3.06e-05
145 2.96e-05
146 2.96e-05
147 3.01e-05
148 2.98e-05
149 3.03e-05
150 6.06e-05
151 3.54e-05
152 2.96e-05
153 4.04e-05
154 3.63e-05
155 2.87e-05
156 2.87e-05
157 2.85e-05
158 2.86e-05
159 2.78e-05
160 4.4e-05
161 2.82e-05
162 2.9e-05
163 3.01e-05
164 3.13e-05
165 3.11e-05
166 3.15e-05
167 3.08e-05
168 2.97e-05
169 3.02e-05
170 3.04e-05
171 2.98e-05
172 6.21e-05
173 2.98e-05
174 2.96e-05
175 2.81e-05
176 2.78e-05
177 2.89e-05
178 2.97e-05
179 2.98e-05
180 3.07e-05
181 2.87e-05
182 2.89e-05
183 2.87e-05
184 2.76e-05
185 2.79e-05
186 3.06e-05
187 2.95e-05
188 3.02e-05
189 2.98e-05
190 3.09e-05
191 3.09e-05
192 3.16e-05
193 3.17e-05
194 3.14e-05
195 3.14e-05
196 2.99e-05
197 2.93e-05
198 4.71e-05
199 2.91e-05
200 6.04e-05
201 3.19e-05
202 2.97e-05
203 3.03e-05
204 2.81e-05
205 2.86e-05
206 2.78e-05
207 2.93e-05
208 3.15e-05
209 3.01e-05
210 3.05e-05
211 3.62e-05
212 3.39e-05
213 3.02e-05
214 4.02e-05
215 3.73e-05
216 3.1e-05
217 3.12e-05
218 3.07e-05
219 3.06e-05
220 4.61e-05
221 3.13e-05
222 3.03e-05
223 3.28e-05
224 2.97e-05
225 2.85e-05
226 2.87e-05
227 2.84e-05
228 2.83e-05
229 3e-05
230 2.91e-05
231 2.85e-05
232 2.86e-05
233 5.15e-05
234 3.3e-05
235 2.93e-05
236 3.04e-05
237 4.91e-05
238 2.96e-05
239 2.94e-05
240 2.91e-05
241 3.15e-05
242 3.01e-05
243 2.99e-05
244 3.03e-05
245 3.05e-05
246 2.96e-05
247 3.43e-05
248 2.98e-05
249 4.97e-05
250 3e-05
251 2.9e-05
252 2.82e-05
253 2.82e-05
254 2.82e-05
255 2.79e-05
256 2.87e-05
257 2.85e-05
258 2.85e-05
259 2.88e-05
260 2.84e-05
261 2.87e-05
262 2.82e-05
263 2.86e-05
264 2.9e-05
265 2.9e-05
266 2.85e-05
267 2.96e-05
268 2.97e-05
269 4.69e-05
270 2.89e-05
271 2.94e-05
272 5.95e-05
273 3.28e-05
274 2.92e-05
275 8.81e-05
276 3.91e-05
277 3.25e-05
278 3.06e-05
279 2.97e-05
280 2.92e-05
281 2.91e-05
282 2.97e-05
283 3e-05
284 2.93e-05
285 2.97e-05
286 2.96e-05
287 3e-05
288 2.95e-05
289 2.94e-05
290 2.93e-05
291 5e-05
292 2.85e-05
293 2.8e-05
294 2.65e-05
295 2.82e-05
296 2.74e-05
297 2.84e-05
298 2.81e-05
299 2.96e-05
300 3.39e-05
301 3.34e-05
302 3.33e-05
303 3.02e-05
304 2.96e-05
305 3.01e-05
306 3.06e-05
307 2.95e-05
308 2.96e-05
309 2.93e-05
310 3.13e-05
311 2.96e-05
312 2.95e-05
313 2.99e-05
314 2.86e-05
315 2.91e-05
316 3.03e-05
317 2.9e-05
318 2.9e-05
319 2.87e-05
320 2.86e-05
321 2.94e-05
322 3.06e-05
323 3.12e-05
324 3.34e-05
325 3.05e-05
326 3.07e-05
327 3.19e-05
328 3.01e-05
329 4.29e-05
330 3e-05
331 2.89e-05
332 3.01e-05
333 3.51e-05
334 3.58e-05
335 3.04e-05
336 4.16e-05
337 3.82e-05
338 3.11e-05
339 3.02e-05
340 2.95e-05
341 3e-05
342 2.95e-05
343 2.99e-05
344 3.04e-05
345 3.08e-05
346 3.08e-05
347 3.14e-05
348 3.21e-05
349 3.1e-05
350 4.71e-05
351 3.07e-05
352 3.08e-05
353 4.22e-05
354 2.89e-05
355 2.73e-05
356 2.75e-05
357 2.84e-05
358 2.87e-05
359 2.81e-05
360 2.98e-05
361 2.98e-05
362 3e-05
363 3.04e-05
364 2.85e-05
365 2.98e-05
366 2.94e-05
367 2.93e-05
368 3.08e-05
369 3.12e-05
370 2.95e-05
371 3.08e-05
372 3.3e-05
373 3.06e-05
374 4.25e-05
375 2.98e-05
376 3e-05
377 4.75e-05
378 2.82e-05
379 2.78e-05
380 2.84e-05
381 2.8e-05
382 3.03e-05
383 2.86e-05
384 3.12e-05
385 3.03e-05
386 3.1e-05
387 3.15e-05
388 3.15e-05
389 3.22e-05
390 3.33e-05
391 3.19e-05
392 4.99e-05
393 3.05e-05
394 5.69e-05
395 3.39e-05
396 2.87e-05
397 7.53e-05
398 3.94e-05
399 2.93e-05
400 3.46e-05
401 3.16e-05
402 3.04e-05
403 2.99e-05
404 2.89e-05
405 2.94e-05
406 3e-05
407 3.05e-05
408 2.99e-05
409 3.07e-05
410 3.06e-05
411 3.07e-05
412 2.98e-05
413 2.96e-05
414 3.02e-05
415 2.95e-05
416 2.96e-05
417 3e-05
418 2.99e-05
419 3.07e-05
420 3.05e-05
421 3.01e-05
422 3.03e-05
423 3.06e-05
424 3.01e-05
425 2.97e-05
426 3.16e-05
427 4.69e-05
428 2.78e-05
429 2.86e-05
430 3.04e-05
431 5.01e-05
432 2.98e-05
433 3.14e-05
434 3.22e-05
435 3.18e-05
436 3.22e-05
437 3.15e-05
438 3.07e-05
439 3.07e-05
440 3.1e-05
441 3.07e-05
442 3.28e-05
443 3.24e-05
444 3.14e-05
445 3.11e-05
446 3.08e-05
447 2.86e-05
448 3.01e-05
449 2.9e-05
450 2.85e-05
451 2.89e-05
452 2.93e-05
453 2.93e-05
454 2.91e-05
455 3.53e-05
456 3.6e-05
457 3.11e-05
458 4.05e-05
459 5.89e-05
460 3.3e-05
461 3.08e-05
462 3.13e-05
463 3.09e-05
464 3.04e-05
465 3e-05
466 2.97e-05
467 3e-05
468 2.92e-05
469 2.84e-05
470 4.12e-05
471 2.78e-05
472 2.8e-05
473 2.74e-05
474 2.88e-05
475 2.98e-05
476 2.96e-05
477 3.11e-05
478 3.08e-05
479 3.18e-05
480 3.09e-05
481 3.97e-05
482 3.36e-05
483 3.06e-05
484 3.07e-05
485 3.01e-05
486 3.06e-05
487 3.1e-05
488 3.17e-05
489 4.8e-05
490 2.97e-05
491 2.89e-05
492 2.86e-05
493 2.85e-05
494 2.78e-05
495 2.76e-05
496 2.86e-05
497 2.83e-05
498 2.83e-05
499 3.02e-05
500 3.75e-05
501 3.41e-05
502 3.29e-05
503 3.15e-05
504 3.1e-05
505 3.11e-05
506 5.28e-05
507 3.88e-05
508 3.22e-05
509 3.1e-05
510 3.06e-05
511 3.12e-05
512 2.96e-05
513 2.92e-05
514 2.9e-05
515 3.13e-05
516 5.5e-05
517 3.11e-05
518 2.98e-05
519 8.05e-05
520 4.07e-05
521 3.18e-05
522 3.05e-05
523 2.97e-05
524 3.07e-05
525 3.08e-05
526 2.98e-05
527 3.08e-05
528 2.89e-05
529 3e-05
530 3.26e-05
531 3.14e-05
532 3.12e-05
533 3.09e-05
534 3.11e-05
535 3.12e-05
536 3.1e-05
537 3.02e-05
538 3.11e-05
539 3.45e-05
540 3.19e-05
541 3.15e-05
542 3.04e-05
543 2.93e-05
544 2.84e-05
545 2.92e-05
546 2.89e-05
547 2.84e-05
548 2.84e-05
549 2.72e-05
550 2.87e-05
551 2.83e-05
552 2.96e-05
553 3e-05
554 3.03e-05
555 3.17e-05
556 3.13e-05
557 3.19e-05
558 3.22e-05
559 3.15e-05
560 5.07e-05
561 3.02e-05
562 3.13e-05
563 3.07e-05
564 3.01e-05
565 2.87e-05
566 2.84e-05
567 2.87e-05
568 2.83e-05
569 2.88e-05
570 2.97e-05
571 2.76e-05
572 2.69e-05
573 2.72e-05
574 2.69e-05
575 2.93e-05
576 4.58e-05
577 2.97e-05
578 3.09e-05
579 3.22e-05
580 3.4e-05
581 3.31e-05
582 4.09e-05
583 3.3e-05
584 3.14e-05
585 3.01e-05
586 2.9e-05
587 3.01e-05
588 4.52e-05
589 2.78e-05
590 2.86e-05
591 2.78e-05
592 2.89e-05
593 2.9e-05
594 2.9e-05
595 2.96e-05
596 2.9e-05
597 2.85e-05
598 3e-05
599 3.12e-05
600 3.73e-05
601 3.63e-05
602 3.57e-05
603 3.35e-05
604 3.18e-05
605 3.16e-05
606 2.99e-05
607 2.91e-05
608 2.85e-05
609 2.78e-05
610 2.91e-05
611 2.85e-05
612 2.78e-05
613 2.72e-05
614 2.73e-05
615 2.77e-05
616 2.78e-05
617 3.01e-05
618 2.94e-05
619 3.03e-05
620 4.91e-05
621 3.12e-05
622 3.24e-05
623 3.37e-05
624 3.3e-05
625 3.2e-05
626 3.28e-05
627 3.21e-05
628 3.05e-05
629 3.02e-05
630 3.08e-05
631 3.99e-05
632 3.59e-05
633 3e-05
634 2.83e-05
635 2.9e-05
636 2.86e-05
637 2.85e-05
638 3.02e-05
639 3.01e-05
640 3.17e-05
641 3.06e-05
642 3.13e-05
643 3.09e-05
644 4.69e-05
645 3.93e-05
646 3.25e-05
647 3.13e-05
648 3.2e-05
649 3.08e-05
650 3.1e-05
651 3.16e-05
652 2.95e-05
653 2.97e-05
654 3.76e-05
655 2.8e-05
656 2.84e-05
657 2.83e-05
658 2.9e-05
659 3.03e-05
660 2.98e-05
661 3.12e-05
662 3.21e-05
663 3.14e-05
664 3.23e-05
665 3.16e-05
666 3.17e-05
667 4.4e-05
668 3.15e-05
669 3.18e-05
670 2.99e-05
671 4.77e-05
672 3.05e-05
673 2.9e-05
674 2.94e-05
675 2.92e-05
676 3.02e-05
677 2.91e-05
678 2.96e-05
679 2.87e-05
680 2.93e-05
681 3.12e-05
682 3.22e-05
683 3.04e-05
684 3.16e-05
685 3.19e-05
686 3.04e-05
687 3.09e-05
688 3.06e-05
689 2.94e-05
690 2.96e-05
691 3.08e-05
692 2.9e-05
693 2.88e-05
694 2.93e-05
695 2.89e-05
696 3e-05
697 2.95e-05
698 4.84e-05
699 2.93e-05
700 3.51e-05
701 3.34e-05
702 4.8e-05
703 3.37e-05
704 3.26e-05
705 3.24e-05
706 3.16e-05
707 3.08e-05
708 3.06e-05
709 3.05e-05
710 3.04e-05
711 2.98e-05
712 2.94e-05
713 2.9e-05
714 3.03e-05
715 3.07e-05
716 3.08e-05
717 3.11e-05
718 2.99e-05
719 2.94e-05
720 3.07e-05
721 3.12e-05
722 3.16e-05
723 3.12e-05
724 3.09e-05
725 3.23e-05
726 3.24e-05
727 3.22e-05
728 3.24e-05
729 3.18e-05
730 2.95e-05
731 2.9e-05
732 2.89e-05
733 2.82e-05
734 2.87e-05
735 3.01e-05
736 2.98e-05
737 3.06e-05
738 3.07e-05
739 3.17e-05
740 4.75e-05
741 3.19e-05
742 3.11e-05
743 3.06e-05
744 3.05e-05
745 3.07e-05
746 3.1e-05
747 3.07e-05
748 3.1e-05
749 3.17e-05
750 3.09e-05
751 2.93e-05
752 2.99e-05
753 2.8e-05
754 2.85e-05
755 2.98e-05
756 4.57e-05
757 3.8e-05
758 3.05e-05
759 3.06e-05
760 3.04e-05
761 3.19e-05
762 3.21e-05
763 3.12e-05
764 3.15e-05
765 2.97e-05
766 3e-05
767 3.22e-05
768 3.01e-05
769 8.24e-05
770 3.2e-05
771 2.98e-05
772 3.03e-05
773 3.17e-05
774 3.14e-05
775 3.04e-05
776 3.05e-05
777 3.02e-05
778 3.02e-05
779 3.07e-05
780 2.99e-05
781 3.08e-05
782 3.2e-05
783 3.42e-05
784 3.26e-05
785 3.26e-05
786 3.11e-05
787 3.03e-05
788 3e-05
789 3.05e-05
790 3.09e-05
791 3.08e-05
792 3.06e-05
793 3.2e-05
794 2.9e-05
795 3.24e-05
796 3.04e-05
797 3.03e-05
798 3.05e-05
799 2.99e-05
800 3.44e-05
801 3.19e-05
802 3.03e-05
803 3.01e-05
804 3.11e-05
805 3.15e-05
806 3.01e-05
807 2.97e-05
808 3.06e-05
809 3.1e-05
810 3.09e-05
811 3.1e-05
812 3.14e-05
813 3.14e-05
814 3.26e-05
815 3.32e-05
816 3.04e-05
817 3.09e-05
818 3.02e-05
819 3.15e-05
820 3.12e-05
821 3.08e-05
822 3.05e-05
823 3.1e-05
824 2.96e-05
825 3.09e-05
826 3.02e-05
827 3.01e-05
828 3.1e-05
829 3.04e-05
830 6.21e-05
831 3.02e-05
832 3.13e-05
833 3.1e-05
834 3.35e-05
835 3.09e-05
836 3.08e-05
837 3.06e-05
838 3.04e-05
839 3.07e-05
840 3.13e-05
841 3.16e-05
842 3.06e-05
843 3.05e-05
844 3.07e-05
845 3.09e-05
846 3.13e-05
847 3.02e-05
848 3.04e-05
849 3.08e-05
850 3.17e-05
851 3.07e-05
852 2.94e-05
853 2.91e-05
854 2.95e-05
855 2.96e-05
856 2.96e-05
857 2.98e-05
858 2.96e-05
859 3.11e-05
860 3.08e-05
861 3.16e-05
862 3.09e-05
863 3.1e-05
864 3.19e-05
865 3.18e-05
866 3.02e-05
867 3.17e-05
868 3.14e-05
869 3.09e-05
870 3.09e-05
871 2.99e-05
872 3.02e-05
873 3.07e-05
874 3.04e-05
875 3.06e-05
876 3.08e-05
877 3.05e-05
878 3.08e-05
879 3.02e-05
880 2.99e-05
881 4.67e-05
882 3.27e-05
883 3.12e-05
884 3.14e-05
885 3.17e-05
886 3.01e-05
887 2.95e-05
888 3.05e-05
889 3.03e-05
890 2.97e-05
891 3.05e-05
892 3.15e-05
893 3.2e-05
894 3.1e-05
895 3.15e-05
896 3.12e-05
897 5.36e-05
898 2.97e-05
899 2.98e-05
900 3.52e-05
901 3.16e-05
902 3.16e-05
903 3.09e-05
904 3.06e-05
905 3.01e-05
906 2.87e-05
907 2.83e-05
908 2.82e-05
909 2.84e-05
910 2.93e-05
911 3.15e-05
912 3.09e-05
913 3.16e-05
914 3.07e-05
915 3.16e-05
916 3.09e-05
917 3.02e-05
918 3.05e-05
919 3.1e-05
920 3.24e-05
921 3.36e-05
922 3.29e-05
923 3.19e-05
924 3.2e-05
925 3.19e-05
926 3.17e-05
927 2.98e-05
928 2.88e-05
929 2.95e-05
930 3.18e-05
931 3.04e-05
932 2.99e-05
933 3.16e-05
934 2.99e-05
935 3.08e-05
936 3.12e-05
937 3.03e-05
938 3.01e-05
939 3.25e-05
940 3.02e-05
941 2.99e-05
942 3.11e-05
943 3.13e-05
944 3.24e-05
945 3.09e-05
946 3.13e-05
947 3.24e-05
948 3.1e-05
949 3.07e-05
950 4.85e-05
951 2.97e-05
952 2.99e-05
953 3.2e-05
954 3.11e-05
955 3.07e-05
956 3.2e-05
957 3.1e-05
958 3.14e-05
959 3.16e-05
960 3.04e-05
961 3.07e-05
962 2.95e-05
963 2.91e-05
964 2.87e-05
965 3.15e-05
966 2.92e-05
967 3.06e-05
968 3.07e-05
969 3.17e-05
970 3.12e-05
971 3.21e-05
972 3.14e-05
973 3.27e-05
974 3.12e-05
975 3.19e-05
976 3.2e-05
977 3.2e-05
978 3.21e-05
979 3.13e-05
980 3.04e-05
981 2.9e-05
982 2.85e-05
983 2.99e-05
984 3.03e-05
985 2.93e-05
986 2.9e-05
987 2.91e-05
988 3.07e-05
989 3.12e-05
990 3.16e-05
991 3.1e-05
992 3.29e-05
993 3.48e-05
994 3.19e-05
995 3.51e-05
996 3e-05
997 3.2e-05
998 3.22e-05
999 3.79e-05
