1 0.00035410
2 0.00036930
3 0.00038960
4 0.00038550
5 0.00040750
6 0.00070750
7 0.00045110
8 0.00046110
9 0.00046520
10 0.00046190
11 0.00047390
12 0.00048180
13 0.00049810
14 0.00052030
15 0.00050430
16 0.00053550
17 0.00051900
18 0.00052350
19 0.00055130
20 0.00053090
21 0.00053750
22 0.00054660
23 0.00056710
24 0.00057220
25 0.00056220
26 0.00056880
27 0.00057780
28 0.00054830
29 0.00055170
30 0.00055410
31 0.00056120
32 0.00056550
33 0.00058380
34 0.00058250
35 0.00056760
36 0.00061220
37 0.00057830
38 0.00057230
39 0.00057010
40 0.00056490
41 0.00056270
42 0.00056430
43 0.00057470
44 0.00057670
45 0.00062790
46 0.00058160
47 0.00061760
48 0.00059490
49 0.00059310
50 0.00060880
51 0.00059290
52 0.00060520
53 0.00061290
54 0.00063810
55 0.00061810
56 0.00059940
57 0.00062000
58 0.00060130
59 0.00062230
60 0.00064500
61 0.00060770
62 0.00060350
63 0.00063120
64 0.00061340
65 0.00060960
66 0.00063010
67 0.00063350
68 0.00085620
69 0.00062100
70 0.00064340
71 0.00061830
72 0.00061760
73 0.00064160
74 0.00062200
75 0.00066120
76 0.00063850
77 0.00065750
78 0.00061920
79 0.00062610
80 0.00062670
81 0.00063780
82 0.00062860
83 0.00064300
84 0.00062060
85 0.00063700
86 0.00063110
87 0.00065670
88 0.00063860
89 0.00064410
90 0.00065880
91 0.00063180
92 0.00063950
93 0.00064840
94 0.00065140
95 0.00065660
96 0.00066940
97 0.00063780
98 0.00066110
99 0.00065870
100 0.00065460
101 0.00072590
102 0.00068900
103 0.00063640
104 0.00065910
105 0.00064470
106 0.00064030
107 0.00066130
108 0.00067750
109 0.00065230
110 0.00065700
111 0.00066540
112 0.00069330
113 0.00065080
114 0.00065150
115 0.00068090
116 0.00064610
117 0.00064590
118 0.00066040
119 0.00065410
120 0.00066210
121 0.00065890
122 0.00067090
123 0.00067010
124 0.00067300
125 0.00067830
126 0.00065980
127 0.00065630
128 0.00069880
129 0.00066180
130 0.00066970
131 0.00068430
132 0.00065800
133 0.00067230
134 0.00065280
135 0.00080690
136 0.00066690
137 0.00065800
138 0.00065240
139 0.00068070
140 0.00065960
141 0.00068720
142 0.00067530
143 0.00066310
144 0.00068140
145 0.00066250
146 0.00071010
147 0.00068400
148 0.00066130
149 0.00067630
150 0.00068020
151 0.00067490
152 0.00066980
153 0.00068620
154 0.00066390
155 0.00068110
156 0.00066730
157 0.00066760
158 0.00070440
159 0.00067390
160 0.00072830
161 0.00068200
162 0.00068700
163 0.00067800
164 0.00071650
165 0.00067720
166 0.00067760
167 0.00069850
168 0.00069380
169 0.00069550
170 0.00068150
171 0.00070310
172 0.00068440
173 0.00069680
174 0.00067800
175 0.00067520
176 0.00069620
177 0.00075880
178 0.00068140
179 0.00068330
180 0.00068860
181 0.00070710
182 0.00070580
183 0.00068760
184 0.00068830
185 0.00071240
186 0.00070990
187 0.00070640
188 0.00070300
189 0.00068870
190 0.00070500
191 0.00072180
192 0.00072640
193 0.00068750
194 0.00071080
195 0.00068830
196 0.00069070
197 0.00072110
198 0.00071690
199 0.00069660
200 0.00072020
201 0.00090590
202 0.00069470
203 0.00071070
204 0.00069700
205 0.00069060
206 0.00069520
207 0.00096230
208 0.00070530
209 0.00072680
210 0.00071640
211 0.00073490
212 0.00069730
213 0.00072310
214 0.00068620
215 0.00069280
216 0.00070190
217 0.00071440
218 0.00073280
219 0.00073020
220 0.00070390
221 0.00069680
222 0.00074090
223 0.00073630
224 0.00075200
225 0.00070980
226 0.00072020
227 0.00089700
228 0.00069530
229 0.00070350
230 0.00080090
231 0.00073030
232 0.00070800
233 0.00072680
234 0.00072230
235 0.00070870
236 0.00072170
237 0.00070830
238 0.00073530
239 0.00073270
240 0.00073110
241 0.00071010
242 0.00072740
243 0.00072360
244 0.00071370
245 0.00070830
246 0.00070130
247 0.00070840
248 0.00070700
249 0.00072450
250 0.00071290
251 0.00071200
252 0.00074660
253 0.00074820
254 0.00070660
255 0.00071090
256 0.00071340
257 0.00071050
258 0.00072870
259 0.00074180
260 0.00070710
261 0.00071890
262 0.00072060
263 0.00071750
264 0.00074530
265 0.00071100
266 0.00072750
267 0.00071410
268 0.00071210
269 0.00071170
270 0.00072460
271 0.00071930
272 0.00074470
273 0.00071370
274 0.00070710
275 0.00073420
276 0.00073610
277 0.00074210
278 0.00073310
279 0.00073490
280 0.00073450
281 0.00077500
282 0.00071360
283 0.00073250
284 0.00076980
285 0.00075010
286 0.00071060
287 0.00071540
288 0.00073660
289 0.00071400
290 0.00073060
291 0.00072690
292 0.00071400
293 0.00072440
294 0.00072370
295 0.00073840
296 0.00074670
297 0.00072460
298 0.00075270
299 0.00076450
300 0.00073700
301 0.00072210
302 0.00074290
303 0.00073130
304 0.00073250
305 0.00074420
306 0.00074190
307 0.00073560
308 0.00072060
309 0.00074090
310 0.00075000
311 0.00074830
312 0.00071800
313 0.00075430
314 0.00072100
315 0.00072040
316 0.00072590
317 0.00074680
318 0.00074150
319 0.00073540
320 0.00078310
321 0.00074580
322 0.00073660
323 0.00075210
324 0.00073370
325 0.00072550
326 0.00075650
327 0.00072760
328 0.00073390
329 0.00072110
330 0.00075280
331 0.00072680
332 0.00075450
333 0.00073000
334 0.00074500
335 0.00076610
336 0.00076000
337 0.00074070
338 0.00072650
339 0.00073650
340 0.00072670
341 0.00072980
342 0.00077170
343 0.00072820
344 0.00073660
345 0.00072140
346 0.00076310
347 0.00073310
348 0.00074310
349 0.00073050
350 0.00074350
351 0.00075840
352 0.00074530
353 0.00072300
354 0.00075040
355 0.00076970
356 0.00073670
357 0.00074420
358 0.00074160
359 0.00073650
360 0.00072670
361 0.00076100
362 0.00074570
363 0.00073640
364 0.00072620
365 0.00074520
366 0.00075430
367 0.00073200
368 0.00072370
369 0.00072700
370 0.00078870
371 0.00073770
372 0.00073380
373 0.00076430
374 0.00074850
375 0.00073030
376 0.00073700
377 0.00073610
378 0.00073650
379 0.00086670
380 0.00074770
381 0.00075520
382 0.00073610
383 0.00075450
384 0.00073640
385 0.00073740
386 0.00074320
387 0.00075970
388 0.00072640
389 0.00073160
390 0.00073130
391 0.00072960
392 0.00073570
393 0.00076490
394 0.00074330
395 0.00075410
396 0.00073760
397 0.00075620
398 0.00073650
399 0.00075440
400 0.00074310
401 0.00081080
402 0.00076140
403 0.00079940
404 0.00074170
405 0.00098050
406 0.00073890
407 0.00076900
408 0.00076420
409 0.00075190
410 0.00074410
411 0.00079540
412 0.00074690
413 0.00076940
414 0.00074480
415 0.00074210
416 0.00074850
417 0.00075940
418 0.00073190
419 0.00076870
420 0.00100510
421 0.00081930
422 0.00073710
423 0.00076150
424 0.00075920
425 0.00077650
426 0.00075880
427 0.00076640
428 0.00074390
429 0.00075520
430 0.00075070
431 0.00075520
432 0.00073720
433 0.00075360
434 0.00075750
435 0.00076330
436 0.00078290
437 0.00078650
438 0.00082410
439 0.00081110
440 0.00074570
441 0.00075260
442 0.00073560
443 0.00088180
444 0.00073840
445 0.00074250
446 0.00074280
447 0.00079330
448 0.00073760
449 0.00074070
450 0.00074460
451 0.00076080
452 0.00074550
453 0.00075470
454 0.00074390
455 0.00074280
456 0.00075320
457 0.00076490
458 0.00073960
459 0.00076170
460 0.00075640
461 0.00076840
462 0.00074680
463 0.00076330
464 0.00078760
465 0.00079280
466 0.00078720
467 0.00075840
468 0.00076240
469 0.00073860
470 0.00073770
471 0.00079760
472 0.00077880
473 0.00076280
474 0.00074600
475 0.00078070
476 0.00076930
477 0.00075310
478 0.00079520
479 0.00078140
480 0.00076300
481 0.00074690
482 0.00074510
483 0.00074620
484 0.00076400
485 0.00076870
486 0.00075780
487 0.00074740
488 0.00077220
489 0.00074350
490 0.00075760
491 0.00076850
492 0.00076120
493 0.00077990
494 0.00082630
495 0.00076720
496 0.00076380
497 0.00073420
498 0.00076080
499 0.00074570
500 0.00075750
501 0.00075740
502 0.00075080
503 0.00074970
504 0.00074950
505 0.00075920
506 0.00074610
507 0.00076620
508 0.00074450
509 0.00074550
510 0.00073890
511 0.00074530
512 0.00075070
513 0.00077070
514 0.00078070
515 0.00079150
516 0.00074540
517 0.00074640
518 0.00075810
519 0.00075460
520 0.00075920
521 0.00077780
522 0.00076310
523 0.00075350
524 0.00075870
525 0.00074800
526 0.00077530
527 0.00075230
528 0.00075220
529 0.00078410
530 0.00077330
531 0.00076480
532 0.00077970
533 0.00076290
534 0.00075580
535 0.00098370
536 0.00078390
537 0.00075400
538 0.00078110
539 0.00075030
540 0.00075480
541 0.00076290
542 0.00075510
543 0.00075980
544 0.00075040
545 0.00077140
546 0.00076550
547 0.00076550
548 0.00075260
549 0.00077680
550 0.00075310
551 0.00078920
552 0.00074730
553 0.00076650
554 0.00076170
555 0.00082280
556 0.00077200
557 0.00096080
558 0.00083410
559 0.00077440
560 0.00075310
561 0.00075660
562 0.00075590
563 0.00076060
564 0.00074110
565 0.00074880
566 0.00077730
567 0.00077180
568 0.00078530
569 0.00075240
570 0.00077860
571 0.00077510
572 0.00081520
573 0.00077370
574 0.00075600
575 0.00075380
576 0.00074670
577 0.00078870
578 0.00075950
579 0.00077200
580 0.00075410
581 0.00080990
582 0.00076080
583 0.00076420
584 0.00076050
585 0.00075270
586 0.00075120
587 0.00075700
588 0.00076770
589 0.00076070
590 0.00077260
591 0.00075080
592 0.00076260
593 0.00077910
594 0.00076000
595 0.00077140
596 0.00075700
597 0.00077300
598 0.00078940
599 0.00078720
600 0.00075630
601 0.00076220
602 0.00077560
603 0.00075750
604 0.00076450
605 0.00075460
606 0.00077760
607 0.00076290
608 0.00075200
609 0.00076060
610 0.00078770
611 0.00076660
612 0.00080750
613 0.00078090
614 0.00077570
615 0.00075730
616 0.00075530
617 0.00083400
618 0.00076010
619 0.00077310
620 0.00078290
621 0.00077370
622 0.00075650
623 0.00076660
624 0.00078490
625 0.00077250
626 0.00076870
627 0.00077940
628 0.00080450
629 0.00080160
630 0.00077920
631 0.00076170
632 0.00077660
633 0.00078810
634 0.00079590
635 0.00076560
636 0.00077630
637 0.00079080
638 0.00078310
639 0.00078480
640 0.00078970
641 0.00076460
642 0.00096970
643 0.00075430
644 0.00077740
645 0.00076160
646 0.00078210
647 0.00081000
648 0.00078350
649 0.00097210
650 0.00081900
651 0.00075990
652 0.00078220
653 0.00076160
654 0.00079860
655 0.00077170
656 0.00076910
657 0.00077220
658 0.00080930
659 0.00077270
660 0.00075690
661 0.00077760
662 0.00077920
663 0.00079680
664 0.00077160
665 0.00076540
666 0.00078110
667 0.00076810
668 0.00076930
669 0.00076830
670 0.00076870
671 0.00078170
672 0.00076130
673 0.00080370
674 0.00076540
675 0.00078570
676 0.00076550
677 0.00076590
678 0.00076710
679 0.00082680
680 0.00081310
681 0.00076830
682 0.00078470
683 0.00076440
684 0.00080430
685 0.00080330
686 0.00076400
687 0.00076830
688 0.00080330
689 0.00083540
690 0.00078750
691 0.00077410
692 0.00084040
693 0.00078480
694 0.00079580
695 0.00080470
696 0.00076410
697 0.00078030
698 0.00076720
699 0.00078330
700 0.00077050
701 0.00078630
702 0.00078130
703 0.00079610
704 0.00077390
705 0.00077170
706 0.00080830
707 0.00077270
708 0.00081530
709 0.00077010
710 0.00077740
711 0.00081070
712 0.00077770
713 0.00076790
714 0.00077800
715 0.00079690
716 0.00077390
717 0.00077600
718 0.00084750
719 0.00078770
720 0.00079610
721 0.00076900
722 0.00077470
723 0.00081060
724 0.00078440
725 0.00083130
726 0.00080570
727 0.00079080
728 0.00078070
729 0.00076920
730 0.00082890
731 0.00078380
732 0.00076760
733 0.00080250
734 0.00078650
735 0.00077090
736 0.00082370
737 0.00078250
738 0.00078530
739 0.00077520
740 0.00077610
741 0.00078430
742 0.00078930
743 0.00078100
744 0.00077450
745 0.00077690
746 0.00083260
747 0.00079570
748 0.00079170
749 0.00079990
750 0.00082520
751 0.00077750
752 0.00079880
753 0.00080250
754 0.00077580
755 0.00077590
756 0.00079210
757 0.00079840
758 0.00080390
759 0.00078600
760 0.00077660
761 0.00077800
762 0.00078250
763 0.00079930
764 0.00077450
765 0.00078650
766 0.00079980
767 0.00094960
768 0.00079620
769 0.00077680
770 0.00078160
771 0.00079720
772 0.00082570
773 0.00079110
774 0.00077960
775 0.00078280
776 0.00080180
777 0.00081320
778 0.00077860
779 0.00077700
780 0.00078350
781 0.00078960
782 0.00080250
783 0.00080250
784 0.00081820
785 0.00079840
786 0.00080130
787 0.00080430
788 0.00079220
789 0.00078800
790 0.00077950
791 0.00084490
792 0.00079670
793 0.00078640
794 0.00078480
795 0.00079340
796 0.00078340
797 0.00078800
798 0.00078770
799 0.00080140
800 0.00077950
801 0.00080620
802 0.00080260
803 0.00080250
804 0.00081040
805 0.00082610
806 0.00079320
807 0.00080000
808 0.00078030
809 0.00082890
810 0.00079850
811 0.00081890
812 0.00080280
813 0.00080910
814 0.00078960
815 0.00078870
816 0.00079780
817 0.00077780
818 0.00083360
819 0.00077900
820 0.00079750
821 0.00078470
822 0.00078380
823 0.00084110
824 0.00079950
825 0.00095940
826 0.00080260
827 0.00082150
828 0.00080170
829 0.00078920
830 0.00078760
831 0.00077910
832 0.00078400
833 0.00080380
834 0.00079180
835 0.00080350
836 0.00082170
837 0.00080460
838 0.00078820
839 0.00078640
840 0.00079010
841 0.00084220
842 0.00078810
843 0.00082620
844 0.00078750
845 0.00081800
846 0.00080720
847 0.00078930
848 0.00079620
849 0.00081480
850 0.00079520
851 0.00078570
852 0.00081210
853 0.00081440
854 0.00081820
855 0.00079590
856 0.00079430
857 0.00081060
858 0.00081930
859 0.00080760
860 0.00080590
861 0.00078480
862 0.00079620
863 0.00079990
864 0.00084210
865 0.00079700
866 0.00079700
867 0.00081220
868 0.00081940
869 0.00080870
870 0.00081390
871 0.00079360
872 0.00080970
873 0.00079160
874 0.00079750
875 0.00081600
876 0.00085140
877 0.00082050
878 0.00080400
879 0.00079130
880 0.00079060
881 0.00080590
882 0.00079780
883 0.00079510
884 0.00083650
885 0.00081600
886 0.00085650
887 0.00081130
888 0.00078350
889 0.00082220
890 0.00083350
891 0.00082130
892 0.00079210
893 0.00085550
894 0.00081170
895 0.00079800
896 0.00082980
897 0.00082810
898 0.00080590
899 0.00080110
900 0.00079780
901 0.00080550
902 0.00085380
903 0.00082620
904 0.00081130
905 0.00079950
906 0.00080030
907 0.00080310
908 0.00081690
909 0.00081590
910 0.00081850
911 0.00080480
912 0.00082670
913 0.00081970
914 0.00082330
915 0.00079480
916 0.00080280
917 0.00081550
918 0.00080000
919 0.00080410
920 0.00082310
921 0.00080790
922 0.00080410
923 0.00106190
924 0.00079870
925 0.00081790
926 0.00088470
927 0.00080570
928 0.00084020
929 0.00080590
930 0.00082260
931 0.00081500
932 0.00080170
933 0.00079970
934 0.00086100
935 0.00082980
936 0.00080880
937 0.00083080
938 0.00082240
939 0.00080120
940 0.00082400
941 0.00080900
942 0.00082820
943 0.00082940
944 0.00080550
945 0.00081770
946 0.00081160
947 0.00082630
948 0.00085000
949 0.00082860
950 0.00080650
951 0.00084210
952 0.00088190
953 0.00081340
954 0.00083380
955 0.00081910
956 0.00085250
957 0.00081990
958 0.00083330
959 0.00082160
960 0.00084290
961 0.00086090
962 0.00084510
963 0.00084390
964 0.00082690
965 0.00087680
966 0.00084590
967 0.00084250
968 0.00083500
969 0.00081960
970 0.00082700
971 0.00084890
972 0.00082250
973 0.00084050
974 0.00086990
975 0.00083190
976 0.00086340
977 0.00083200
978 0.00085050
979 0.00083890
980 0.00083870
981 0.00085450
982 0.00084790
983 0.00083330
984 0.00083950
985 0.00089440
986 0.00088310
987 0.00084250
988 0.00085510
989 0.00084670
990 0.00089730
991 0.00087480
992 0.00085170
993 0.00085650
994 0.00087540
995 0.00087150
996 0.00090400
997 0.00088180
998 0.00094660
999 0.00095030
1000 0.00097270
